$ 1 0.000049999999999999996 0.03528660814588489 60 5 43 5e-11
O -736 336 -736 288 1 0
r 64 944 16 944 0 39000
207 16 944 -32 944 4 8vref
r -624 336 -688 336 0 100000
r -560 336 -624 336 0 1000
w -816 304 -768 304 0
w -720 640 -656 640 0
w -816 608 -816 368 0
w 352 608 256 608 0
207 368 1056 320 1056 4 -8vref
207 496 464 496 416 4 8vref
r 496 720 496 656 0 10000
r 464 528 464 464 0 20000
t 416 608 464 608 0 1 -3.728256928046684 0.5556486430922757 300 default
r 352 608 416 608 0 10000
r 416 608 416 672 0 100
g 416 672 416 688 0 0
a 224 976 320 976 8 12 -12 1000000 0.000050985081588143475 0 100000
w 496 976 496 720 0
g 224 992 224 1024 0 0
w 224 960 224 912 0
r 224 912 320 912 0 68000
w 320 912 320 976 0
w 464 624 464 656 0
w 464 656 496 656 0
w 496 656 528 656 0
w 528 656 528 624 0
r 528 464 528 528 0 20000
t 576 608 528 608 0 1 -3.8341595344421737 0.5536895532136294 300 default
w 528 528 528 560 0
w 528 560 528 592 0
w 464 528 688 528 0
w 528 560 688 560 0
r 688 528 752 528 0 10000
r 688 560 752 560 0 10000
a 752 544 848 544 8 12 -12 1000000 3.72129170540946 3.7213260431685247 100000
r 752 560 752 624 0 330000
g 752 624 752 640 0 0
w 752 528 752 480 0
r 752 480 848 480 0 330000
w 848 480 848 544 0
O 912 544 992 544 1 0
r 576 608 576 672 0 100
g 576 672 576 688 0 0
r 912 544 848 544 0 1000
O 416 608 416 544 1 0
370 496 976 368 976 1 0 0
370 464 528 464 592 1 0 0
O 464 592 496 624 1 0
w 496 464 464 464 0
w 496 464 528 464 0
r 320 976 368 976 0 1000
d 368 1056 368 976 2 default
r 192 960 112 960 0 68000
w 192 960 224 960 0
207 -944 960 -944 912 4 Cutoff\sLED
g 256 656 256 672 0 0
w 224 656 256 656 0
w 256 608 224 608 0
d 256 656 256 608 2 default
d 224 608 224 656 2 default
r 160 608 224 608 0 1000
207 256 608 256 544 4 Inst\sIn
207 -1120 1152 -1168 1152 4 Inst\sOut
207 1312 1488 1360 1488 4 Inst\sOut
207 -144 528 -192 528 4 Res\sOut
207 -480 1808 -416 1808 4 Res\sOut
207 -1024 1872 -1056 1872 4 Res\sIn
207 352 608 352 560 4 Res\sIn
r -784 640 -720 640 0 100000
r -656 640 -656 720 0 1000
g -656 720 -656 736 0 0
a -624 624 -560 624 8 15 -15 1000000 0.00023558490098877038 0.00023558725683778026 100000
w -560 624 -560 576 0
w -560 576 -624 576 0
w -624 576 -624 608 0
w -656 640 -624 640 0
w -656 400 -624 400 0
w -624 336 -624 368 0
w -560 384 -560 336 0
a -624 384 -560 384 8 15 -15 1000000 1.325296721206419e-7 0 100000
g -768 400 -768 416 0 0
g -656 400 -656 416 0 0
w -432 432 -560 432 0
w -1232 2048 -1104 2048 0
w -1232 2000 -1232 2048 0
r -1232 2000 -1232 1920 0 1000
r -1280 2000 -1232 2000 0 10000
g -1232 1920 -1232 1904 0 0
207 -1280 2000 -1280 1920 4 8vref
207 -1360 2096 -1360 2016 4 8vref
174 -1312 2224 -1264 2096 1 10000 0.33170000000000005 Resonance
r -1024 2048 -1104 2048 0 100000
r -1264 2160 -1264 2096 0 1000
r -1264 2160 -1264 2208 0 1000
r -1264 2096 -1200 2096 0 100000
r -1200 2096 -1104 2096 0 100000
w -1264 2096 -1312 2096 0
w -1264 2224 -1312 2224 0
g -1312 2224 -1312 2240 0 0
a -1200 2144 -1104 2144 8 15 -15 1000000 0.8458448603348694 0.8458437431648761 100000
w -1200 2160 -1264 2160 0
w -1200 2128 -1200 2096 0
w -1104 2096 -1104 2144 0
O -1104 2144 -1056 2144 1 0
r -1360 2096 -1312 2096 0 5600
w -1264 2224 -1264 2208 0
w -624 1712 -624 1744 0
w -528 1712 -528 1744 0
c -624 1712 -528 1712 0 6.8e-11 4.547525659744483 0.001
w 160 528 160 560 0
w 96 528 96 560 0
c 96 528 160 528 0 1e-10 -0.26237561815021304 0.001
w 32 624 -16 624 0
w 96 624 32 624 0
g 48 560 32 560 0 0
w 160 560 160 608 0
w 96 592 96 560 0
r 96 560 48 560 0 3900
r 96 560 160 560 0 68000
a 96 608 160 608 8 15 -15 1000000 0.015062246663933403 0.015065021042581544 100000
174 -816 672 -784 624 1 10000 0.005 HP Vol
174 -768 368 -736 304 1 10000 0.401 LP Vol
w -528 1808 -480 1808 0
r -880 1984 -880 1920 0 10000
r -912 1792 -912 1728 0 20000
t -960 1872 -912 1872 0 1 -5.114618099923141 0.4683957412412454 290 default
r -1024 1872 -960 1872 0 3900
r -960 1872 -960 1936 0 100
g -960 1936 -960 1952 0 0
a -1024 2112 -928 2112 8 12 -12 1000000 0.000006110220301993978 0 100000
w -880 2048 -880 1984 0
g -1024 2128 -1024 2160 0 0
w -1024 2096 -1024 2048 0
r -1024 2048 -928 2048 0 100000
w -928 2048 -928 2112 0
w -912 1888 -912 1920 0
w -912 1920 -880 1920 0
w -880 1920 -848 1920 0
w -848 1920 -848 1888 0
r -848 1728 -848 1792 0 20000
t -800 1872 -848 1872 0 1 -5.123745241765847 0.46343807746251003 290 default
w -848 1792 -848 1824 0
w -848 1824 -848 1856 0
w -912 1792 -688 1792 0
w -848 1824 -688 1824 0
r -688 1792 -624 1792 0 3900
r -688 1824 -624 1824 0 3900
a -624 1808 -528 1808 8 12 -12 1000000 4.582208980823257 4.582209327656468 100000
r -624 1824 -624 1888 0 33000
g -624 1888 -624 1904 0 0
w -624 1792 -624 1744 0
r -624 1744 -528 1744 0 33000
w -528 1744 -528 1808 0
r -800 1872 -800 1936 0 100
g -800 1936 -800 1952 0 0
w -1024 2048 -1024 2000 0
O -960 1872 -960 1808 1 0
370 -912 1792 -912 1856 1 0 0
w -880 1728 -912 1728 0
w -880 1728 -848 1728 0
r -928 2048 -880 2048 0 1000
d -880 2112 -880 2048 2 1N5712
c -1024 2000 -928 2000 0 3.3e-10 0.6110281404196998 0.001
w -928 2000 -928 2048 0
207 -880 1728 -880 1680 4 8vref
207 -880 2112 -816 2112 4 -8vref
172 -1104 2000 -1152 2000 0 7 0 5 0 0 0.5 Resonance CV
O -688 1792 -688 1760 1 0
r -1024 2096 -1104 2096 0 100000
O -624 1824 -656 1872 1 0
w -1056 912 -1056 960 0
O -512 1040 -512 1088 1 0
R -816 368 -848 368 0 2 500 5 0 0 0.5
r -512 1040 -448 1040 0 33000
r -576 1040 -512 1040 0 20000
172 -1376 1072 -1408 1072 0 7 0 5 0 0 0.5 CV1
r -1232 944 -1296 944 0 3900
d -608 944 -560 944 2 1N4148
w -624 944 -608 944 0
w -624 880 -624 944 0
w -720 928 -720 880 0
a -720 944 -624 944 8 12 -12 1000000 -0.6428701325008839 -0.6428765612022089 100000
w -1216 912 -1120 912 0
g -448 1040 -448 1072 0 0
w -512 384 -432 384 0
w -512 944 -512 384 0
w -512 944 -432 944 0
w -224 928 -224 864 0
w -80 560 -112 560 0
w -80 816 -144 816 0
w -80 688 -112 688 0
a -336 448 -224 448 8 12 -12 1000000 -0.000013098452291293767 0 100000
g -336 464 -336 512 0 0
w -336 432 -336 384 0
r -336 384 -224 384 0 20000
a -336 928 -224 928 8 12 -12 1000000 -0.5881211893931366 -0.588132822246131 100000
r -336 944 -336 1008 0 20000
r -432 944 -336 944 0 20000
r -224 864 -336 864 0 20000
w -336 864 -336 912 0
g -336 1008 -336 1024 0 0
r -432 432 -336 432 0 20000
r -432 912 -336 912 0 20000
r -432 384 -336 384 0 20000
w -16 384 -176 384 0
d -16 816 -16 864 2 1N4148
d -16 752 -16 816 2 1N4148
d -16 624 -16 688 2 1N4148
d -16 560 -16 624 2 1N4148
d -16 432 -16 496 2 1N4148
d -16 384 -16 432 2 1N4148
c -16 432 -80 432 0 1e-9 0.8841428294501533 0.001
c -16 816 -80 816 0 1e-9 -0.9268574930531985 0.001
c -16 688 -80 688 0 1e-9 -0.2877447115689763 0.001
c -16 624 -80 624 0 1e-9 0.014829436141592774 0.001
c -16 560 -80 560 0 1e-9 0.31743345107438137 0.001
w -224 384 -176 384 0
w -224 864 -16 864 0
w -144 432 -80 432 0
w -80 624 -112 624 0
w -512 944 -512 1040 0
w -560 944 -512 944 0
w -144 432 -144 528 0
w -144 528 -144 688 0
d -16 496 -16 560 2 1N4148
d -16 688 -16 752 2 1N4148
c -16 496 -80 496 0 1e-9 0.6198531641397717 0.001
c -16 752 -80 752 0 1e-9 -0.5904108307548654 0.001
w -112 560 -112 624 0
w -112 624 -112 688 0
w -112 688 -112 752 0
w -112 752 -80 752 0
w -80 496 -112 496 0
w -112 496 -112 560 0
w -144 688 -144 816 0
w -720 880 -624 880 0
r -720 960 -720 1024 0 100000
d -832 960 -832 1072 2 default
r -832 1072 -768 1072 0 5600
r -832 1072 -896 1072 0 1800
g -896 1072 -896 1104 0 0
g -720 1024 -720 1040 0 0
r -944 960 -880 960 0 5600
w -880 960 -832 960 0
a -1024 1056 -944 1056 8 15 -15 1000000 0.00002801330341830776 0 100000
r -1024 1008 -944 1008 0 68000
w -944 1008 -944 1056 0
w -1024 1008 -1024 1040 0
g -1024 1072 -1024 1104 0 0
r -1056 912 -1120 912 0 68000
r -1056 1008 -1120 1008 0 33000
r -1056 1152 -1120 1152 0 10000
w -1056 1152 -1056 1008 0
w -1056 1008 -1024 1008 0
w -1056 960 -1056 1008 0
a -1296 1088 -1216 1088 8 15 -15 1000000 1.8710518460499482e-20 0 100000
r -1296 1040 -1216 1040 0 100000
w -1216 1040 -1216 1088 0
w -1296 1040 -1296 1072 0
r -1376 1072 -1296 1072 0 100000
w -1216 976 -1296 976 0
174 -1216 1040 -1184 976 1 10000 0.005 CV1 Attenuversion
w -1296 976 -1376 976 0
w -1376 976 -1376 1072 0
g -1296 1104 -1312 1104 0 0
w -1184 1008 -1152 1008 0
w -1152 1008 -1120 1008 0
w -560 624 -112 624 0
w -432 912 -432 432 0
c -1056 960 -944 960 0 1e-10 2.801358355134194 0.001
w -944 960 -944 1008 0
r -1232 880 -1200 880 0 39000
w -1200 880 -1216 912 0
207 -1232 880 -1280 880 4 8vref
207 -1296 944 -1344 944 4 -8vref
207 -1728 1200 -1680 1200 4 8vref
207 -1728 1392 -1680 1392 4 -8vref
370 -1728 1392 -1792 1392 1 0 0
370 -1792 1200 -1728 1200 1 0 0
O -832 1072 -832 1120 1 0
207 -768 1072 -768 1104 4 8vref
207 -576 1040 -576 1088 4 -8vref
174 -1232 944 -1216 896 1 10000 0.5495000000000001 Cutoff
w -688 336 -736 336 0
w -816 368 -816 304 0
207 0 1568 -48 1568 4 Inst\sIn
w -768 400 -768 368 0
r -736 336 -736 400 0 5600
w -736 400 -768 400 0
w -784 704 -816 704 0
r -784 640 -784 704 0 5600
w -816 704 -816 672 0
g -816 704 -816 720 0 0
O 224 608 224 544 1 0
c -336 816 -224 816 0 1e-10 0.575164110043858 0.001
w -224 816 -224 864 0
w -336 816 -336 864 0
w -336 336 -336 384 0
w -224 336 -224 384 0
c -336 336 -224 336 0 1e-10 -1.1888581512346 0.001
c 224 864 320 864 0 3.3e-10 5.098559143895935 0.001
w 320 864 320 912 0
w 224 864 224 912 0
c 752 432 848 432 0 1e-11 0.2875157989680037 0.001
w 848 432 848 480 0
w 752 432 752 480 0
a -1872 1200 -1792 1200 8 15 -15 1000000 2.5068030958696204 2.5068833135686877 100000
a -1872 1392 -1792 1392 8 15 -15 1000000 0.0000799262652600653 0 100000
r -1872 1152 -1792 1152 0 220000
r -1872 1152 -1936 1152 0 100000
r -1872 1344 -1872 1280 0 68000
w -1792 1344 -1792 1392 0
w -1872 1344 -1872 1376 0
w -1872 1184 -1872 1152 0
w -1792 1200 -1792 1152 0
410 -2032 1248 -2032 1344 1 ~TL431 0\s40 2\s1e-12\s0.7338565949721507\s0 2\s2e-12\s-0.00005997685245029416\s0 0\s1\s-0.00005997685245029416\s0.7338565949721507\s140\s~tl431ed-qn_ed 0\s3280 0\s2400 0\s7200 0\s33.333333333333336 2\s1.2e-12\s0.7212011056104795\s0 2\s2.4e-12\s-0.000036769488865107114\s0 0\s1\s-0.000036769488865107114\s0.7212011056104795\s140\s~tl431ed-qn_ed-A1.2 0\s18.18181818181818 2\s2.2000000000000003e-12\s0.678334794975815\s0 2\s4.400000000000001e-12\s0.016789359273954307\s0 0\s1\s0.016789359273954307\s0.678334794975815\s140\s~tl431ed-qn_ed-A2.2 0\s800 0\s40 2\s1e-12\s0.7042750011262284\s0 2\s2e-12\s0.021529683917471232\s0 0\s1\s0.021529683917471232\s0.7042750011262284\s140\s~tl431ed-qn_ed 0\s4000 0\s40 2\s1e-12\s0.7044222870150876\s0 2\s2e-12\s-0.09862514995860105\s0 0\s1\s-0.09862514995860105\s0.7044222870150876\s140\s~tl431ed-qn_ed 0\s80 2\s5e-13\s0.7207495519644671\s0 2\s1e-12\s-0.8010346041870942\s0 0\s1\s-0.8010346041870942\s0.7207495519644671\s140\s~tl431ed-qn_ed-A0.5 0\s80 2\s1e-12\s-0.7034984059823757\s0 2\s3e-12\s0.00008654673720509543\s0 0\s-1\s0.00008654673720509543\s-0.7034984059823757\s60\s~tl431ed-qp_ed 0\s80 2\s1e-12\s-0.7034418922793022\s0 2\s3e-12\s0.2297200331769722\s0 0\s-1\s0.2297200331769722\s-0.7034418922793022\s60\s~tl431ed-qp_ed 0\s800 0\s800 0\s40 2\s1e-12\s0.7205382613317465\s0 2\s2e-12\s-0.9851349406118541\s0 0\s1\s-0.9851349406118541\s0.7205382613317465\s140\s~tl431ed-qn_ed 0\s150 0\s8 2\s5e-12\s0.7819241375744448\s0 2\s1e-11\s-1.7249591759942429\s0 0\s1\s-1.7249591759942429\s0.7819241375744448\s140\s~tl431ed-qn_ed-A5 0\s10000 0\s40 2\s1e-12\s-0.9850991384029328\s0 2\s2e-12\s1.9014193552990832e-8\s0 0\s1\s1.9014193552990832e-8\s-0.9850991384029328\s140\s~tl431ed-qn_ed 2\s~tl431ed-d_ed 0\s1000 2\s~tl431ed-d_ed 2\s1e-11\s0.9850991574171264\s0 2\s2e-11\s-0.09860593148040564\s0
R -2128 1216 -2192 1216 0 0 40 12 0 0 0.5
r -2128 1216 -2064 1216 0 1000
c -2064 1280 -2064 1344 0 1.0000000000000001e-7 2.5068833135686877 0.001
w -2064 1344 -2000 1344 0
g -2000 1344 -2000 1376 0 0
w -2032 1280 -2064 1280 0
w -2064 1280 -2064 1216 0
w -2064 1216 -2000 1216 0
g -1936 1152 -1952 1152 0 0
w -2000 1216 -1872 1216 0
g -1872 1408 -1888 1408 0 0
O -1792 1152 -1728 1152 1 0
O -1792 1344 -1728 1344 1 0
x -2154 1093 -1945 1096 4 24 Voltage\sReferences
x -2051 1571 -1873 1574 4 24 Frequency\sLEDs
x -1270 831 -1167 834 4 24 Cutoff\sCV
x -1311 1782 -1134 1785 4 24 Resonance\sVCA
x -168 1387 -12 1390 4 24 Instability\sVCA
x -792 229 -628 232 4 24 Low\sPass\sInput
x -797 505 -628 508 4 24 High\sPass\sInput
x -170 320 -58 323 4 24 Filter\sCore
x 572 392 700 395 4 24 Output\sVCA
w -560 384 -560 432 0
c -624 288 -560 288 0 1e-9 0.013253099741736312 0.001
w -560 288 -560 336 0
w -624 288 -624 336 0
c -720 688 -720 640 0 1e-9 -0.00023558725683778026 0.001
g -720 688 -720 704 0 0
c 48 1568 112 1568 0 2.2e-7 0.0013868427165704411 0.001
r 112 1568 112 1632 0 100000
g 112 1632 112 1648 0 0
c 544 1616 592 1616 0 2.2e-7 -0.3796615943253594 0.001
w 112 1504 112 1536 0
w 192 1552 192 1504 0
g 272 1568 256 1568 0 0
w 272 1504 272 1536 0
w 416 1504 352 1504 0
w 416 1552 416 1504 0
d 416 1552 352 1552 2 default
r 272 1504 352 1504 0 1000
r 192 1504 272 1504 0 1000
a 272 1552 352 1552 8 15 -15 1000000 0.00000794277743875626 0 100000
a 112 1552 192 1552 8 15 -15 1000000 0.19693086530329065 0.1969348039205967 100000
w 1248 1488 1312 1488 0
g 1248 1536 1248 1568 0 0
g 1248 1440 1248 1408 0 0
d 1248 1440 1248 1488 2 default
d 1248 1488 1248 1536 2 default
r 1184 1488 1248 1488 0 1000
r 416 1824 464 1824 0 5600
207 416 1824 368 1824 4 8vref
r 832 1664 832 1600 0 10000
r 800 1472 800 1408 0 20000
t 752 1552 800 1552 0 1 -4.619040463228036 0.5464073840261907 290 default
r 720 1552 752 1552 0 39000
r 752 1552 752 1616 0 100
g 752 1616 752 1632 0 0
a 560 1872 656 1872 8 12 -12 1000000 0.00003846886694830497 0 100000
w 832 1808 832 1664 0
g 560 1888 560 1920 0 0
w 560 1856 560 1808 0
r 560 1808 656 1808 0 100000
w 656 1808 656 1872 0
w 800 1568 800 1600 0
w 800 1600 832 1600 0
w 832 1600 864 1600 0
w 864 1600 864 1568 0
r 864 1408 864 1472 0 20000
t 912 1552 864 1552 0 1 -4.618979013927358 0.5464104608092951 290 default
w 864 1472 864 1504 0
w 864 1504 864 1536 0
w 800 1472 1024 1472 0
w 864 1504 1024 1504 0
r 1024 1472 1088 1472 0 3900
r 1024 1504 1088 1504 0 3900
a 1088 1488 1184 1488 8 12 -12 1000000 4.538473111145578 4.538472714719599 100000
r 1088 1504 1088 1568 0 220000.00000000003
g 1088 1568 1088 1584 0 0
w 1088 1472 1088 1424 0
r 1088 1424 1184 1424 0 220000.00000000003
w 1184 1424 1184 1488 0
r 912 1552 912 1616 0 100
g 912 1616 912 1632 0 0
w 560 1808 560 1760 0
r 560 1760 480 1760 0 100000
370 832 1808 704 1808 1 0 0
370 800 1472 800 1536 1 0 0
w 448 1760 480 1760 0
g 464 1888 448 1888 0 0
174 464 1888 480 1840 1 10000 0.7772000000000001 Instability
w 832 1408 800 1408 0
w 832 1408 864 1408 0
r 656 1808 704 1808 0 1000
d 832 1872 832 1808 2 1N5712
c 560 1760 656 1760 0 3.3e-10 3.8469251636974455 0.001
w 656 1760 656 1808 0
207 832 1408 832 1360 4 8vref
207 832 1872 784 1872 4 -8vref
O 1024 1472 1024 1440 1 0
r 560 1856 480 1856 0 100000
O 1088 1504 1056 1552 1 0
O 752 1552 752 1488 1 0
O 1312 1488 1312 1424 1 0
O 688 1552 688 1488 1 0
O 656 1872 720 1872 1 0
O 464 1824 464 1792 1 0
c 1088 1392 1184 1392 0 6.8e-11 4.578115709043487 0.001
w 1184 1392 1184 1424 0
w 1088 1392 1088 1424 0
R 64 976 64 1024 0 0 2500 5 0 0 0.5
S 112 960 64 960 0 1 false 0 2
r -832 960 -768 960 0 330000
w -768 960 -720 960 0
r -224 448 -224 416 0 1000
r -224 416 -224 384 0 1000
r 480 1616 544 1616 0 39000
c 544 1616 544 1680 0 2.2000000000000002e-10 -0.3809185638306698 0.001
g 544 1680 544 1696 0 0
S 480 1488 416 1488 0 0 false 0 2
w 480 1488 480 1536 0
w 0 1568 0 1472 0
w 0 1472 416 1472 0
r 192 1504 112 1504 0 10000
g 48 1504 32 1504 0 0
w 720 1552 688 1552 0
w 480 1536 480 1616 0
w 592 1616 624 1616 0
w 624 1616 624 1552 0
w 0 1568 48 1568 0
r 112 1504 48 1504 0 10000
r -1872 1344 -1792 1344 0 220000.00000000003
r -1872 1280 -1872 1232 0 1000
w -1872 1232 -1872 1216 0
w 656 1952 656 1872 0
w -800 2192 -800 2240 0
a -800 2256 -704 2256 8 15 -15 1000000 -0.00002815511469753998 0 100000
w -1216 1296 -1216 1120 0
r -800 2192 -864 2192 0 10000
r -800 2192 -704 2192 0 33000
w -704 2192 -704 2256 0
162 -704 2256 -704 2320 2 default-led 0 0 1 0.01
162 -528 2256 -528 2320 2 default-led 1 0 0 0.01
162 -656 2256 -656 2320 2 default-led 0 0 1 0.01
162 -608 2256 -608 2320 2 default-led 0 0 1 0.01
d -704 2256 -656 2256 2 1N4148
d -656 2256 -608 2256 2 1N4148
d -608 2256 -528 2256 2 1N4148
g -800 2272 -816 2272 0 0
r -656 2368 -656 2416 0 1500
r -608 2368 -608 2416 0 1200
r -528 2368 -528 2416 0 1000
g -528 2416 -528 2432 0 0
g -608 2416 -608 2432 0 0
g -656 2416 -656 2432 0 0
g -704 2416 -704 2432 0 0
w -864 2192 -928 2192 0
w -928 2192 -928 2112 0
370 -704 2320 -704 2368 1 0 0
370 -656 2320 -656 2368 1 0 0
370 -608 2320 -608 2368 1 0 0
370 -528 2320 -528 2368 1 0 0
r -800 2160 -864 2160 0 330000
w -800 2160 -800 2192 0
w -880 2112 -880 2160 0
w -864 2160 -880 2160 0
370 960 2080 960 2128 1 0 0
370 912 2080 912 2128 1 0 0
370 864 2080 864 2128 1 0 0
370 816 2080 816 2128 1 0 0
g 816 2176 816 2192 0 0
g 864 2176 864 2192 0 0
g 912 2176 912 2192 0 0
g 960 2176 960 2192 0 0
r 960 2128 960 2176 0 1000
r 912 2128 912 2176 0 1200
r 864 2128 864 2176 0 1500
r 816 2128 816 2176 0 1800
g 720 2032 704 2032 0 0
d 912 2016 960 2016 2 1N4148
d 864 2016 912 2016 2 1N4148
d 816 2016 864 2016 2 1N4148
162 912 2016 912 2080 2 default-led 1 0 0 0.01
162 864 2016 864 2080 2 default-led 1 0 0 0.01
162 960 2016 960 2080 2 default-led 1 0 0 0.01
162 816 2016 816 2080 2 default-led 1 0 0 0.01
w 816 1952 816 2016 0
r 720 1952 816 1952 0 10000
r 720 1952 656 1952 0 10000
a 720 2016 816 2016 8 15 -15 1000000 -0.000046460517803437645 0 100000
w 720 1952 720 2000 0
r 720 1952 720 1904 0 100000
w 720 1904 832 1904 0
w 832 1904 832 1872 0
w -1152 1296 -1152 1344 0
a -1152 1360 -1056 1360 8 15 -15 1000000 4.214682362995767e-13 0 100000
r -1152 1296 -1216 1296 0 100000
r -1152 1296 -1056 1296 0 100000
w -1056 1296 -1056 1360 0
162 -992 1392 -992 1456 2 default-led 1 0 0 0.01
162 -896 1392 -896 1456 2 default-led 1 0 0 0.01
d -992 1392 -944 1392 2 1N4148
d -944 1392 -896 1392 2 1N4148
g -1152 1376 -1168 1376 0 0
r -992 1504 -992 1552 0 1500
r -896 1504 -896 1552 0 1000
g -896 1552 -896 1568 0 0
g -992 1552 -992 1568 0 0
370 -992 1456 -992 1504 1 0 0
370 -896 1456 -896 1504 1 0 0
w -992 1392 -1056 1392 0
370 -992 1312 -992 1360 1 0 0
r -992 1200 -992 1248 0 1500
162 -992 1248 -992 1312 2 default-led 0 0 1 0.01
370 -896 1312 -896 1360 1 0 0
r -896 1200 -896 1248 0 1000
162 -896 1248 -896 1312 2 default-led 0 0 1 0.01
w -1216 1120 -1152 1120 0
w -1152 1120 -1152 1008 0
w -1056 1360 -1056 1392 0
w -992 1360 -1056 1360 0
g -992 1200 -992 1184 0 0
d -944 1360 -992 1360 2 1N4148
d -896 1360 -944 1360 2 1N4148
g -896 1200 -896 1184 0 0
w -1952 1664 -1952 1696 0
r -1952 1664 -2016 1664 0 33000
370 -1760 1808 -1760 1856 1 0 0
370 -1808 1808 -1808 1856 1 0 0
370 -1856 1808 -1856 1856 1 0 0
g -1856 1904 -1856 1920 0 0
g -1808 1904 -1808 1920 0 0
g -1760 1904 -1760 1920 0 0
r -1760 1856 -1760 1904 0 1000
r -1808 1856 -1808 1904 0 1200
r -1856 1856 -1856 1904 0 1500
g -1952 1776 -1968 1776 0 0
w -1856 1696 -1856 1760 0
r -1952 1696 -1856 1696 0 5600
r -1952 1696 -2016 1696 0 10000
a -1952 1760 -1856 1760 8 15 -15 1000000 -0.000029250188988449025 0 100000
w -1952 1696 -1952 1744 0
207 -2016 1696 -2096 1696 4 Cutoff\sLED
O -1856 1696 -1792 1696 1 0
d -1856 1760 -1808 1760 2 1N4148
d -1808 1760 -1760 1760 2 1N4148
162 -1856 1760 -1856 1808 2 default-led 0 0 1 0.01
207 -2016 1664 -2064 1664 4 -8vref
207 -2016 1984 -2064 1984 4 8vref
162 -1856 2128 -1856 2080 2 default-led 0 0 1 0.01
d -1808 2080 -1856 2080 2 1N4148
O -1856 2016 -1792 2016 1 0
207 -2016 2016 -2096 2016 4 Cutoff\sLED
w -1952 2016 -1952 2064 0
a -1952 2080 -1856 2080 8 15 -15 1000000 0.000029233841806298716 0 100000
r -1952 2016 -2016 2016 0 10000
r -1952 2016 -1856 2016 0 5600
w -1856 2016 -1856 2080 0
g -1952 2096 -1968 2096 0 0
r -1856 2176 -1856 2224 0 1500
r -1808 2176 -1808 2224 0 1200
r -1760 2176 -1760 2224 0 1000
g -1760 2224 -1760 2240 0 0
g -1808 2224 -1808 2240 0 0
g -1856 2224 -1856 2240 0 0
370 -1856 2128 -1856 2176 1 0 0
370 -1808 2128 -1808 2176 1 0 0
370 -1760 2128 -1760 2176 1 0 0
r -1952 1984 -2016 1984 0 10000
w -1952 1984 -1952 2016 0
d -1760 2080 -1808 2080 2 1N4148
162 -1808 1760 -1808 1808 2 default-led 0 0 1 0.01
162 -1760 1760 -1760 1808 2 default-led 0 0 1 0.01
162 -1808 2128 -1808 2080 2 default-led 0 0 1 0.01
162 -1760 2128 -1760 2080 2 default-led 0 0 1 0.01
r -704 2368 -704 2416 0 1800
r -1024 2000 -1104 2000 0 330000
w 624 1552 688 1552 0
o 7 1 0 4098 9.971588988941825 0.0001 0 2 7 3
o 41 1 0 4099 10.974694654956703 0.0001 1 1
