$ 1 0.0000015625 0.07470175003104325 60 5 43 5e-11
O -528 1456 -528 1504 1 0
O -736 336 -736 288 1 0
r 64 944 16 944 0 39000
207 16 944 -32 944 4 8vref
r -624 336 -688 336 0 100000
r -560 336 -624 336 0 1000
w -816 304 -768 304 0
w -720 640 -656 640 0
w -816 608 -816 368 0
w 352 608 256 608 0
207 368 1056 320 1056 4 -8vref
207 496 464 496 416 4 8vref
r 496 720 496 656 0 10000
r 464 528 464 464 0 20000
t 416 608 464 608 0 1 -3.778197968994447 0.5542554346216755 300 default
r 352 608 416 608 0 10000
r 416 608 416 672 0 100
g 416 672 416 688 0 0
a 224 976 320 976 8 12 -12 1000000 0.00004999900001999965 0 100000
w 496 976 496 720 0
g 224 992 224 1024 0 0
w 224 960 224 912 0
r 224 912 320 912 0 68000
w 320 912 320 976 0
w 464 624 464 656 0
w 464 656 496 656 0
w 496 656 528 656 0
w 528 656 528 624 0
r 528 464 528 528 0 20000
t 576 608 528 608 0 1 -3.7927219968091146 0.5539810164943206 300 default
w 528 528 528 560 0
w 528 560 528 592 0
w 464 528 688 528 0
w 528 560 688 560 0
r 688 528 752 528 0 10000
r 688 560 752 560 0 10000
a 752 544 848 544 8 12 -12 1000000 3.6811018970394107 3.681106530637012 100000
r 752 560 752 624 0 330000
g 752 624 752 640 0 0
w 752 528 752 480 0
r 752 480 848 480 0 330000
w 848 480 848 544 0
O 912 544 992 544 1 0
r 576 608 576 672 0 100
g 576 672 576 688 0 0
r 912 544 848 544 0 1000
O 416 608 416 544 1 0
370 496 976 368 976 1 0 0
370 464 528 464 592 1 0 0
O 464 592 496 624 1 0
w 496 464 464 464 0
w 496 464 528 464 0
r 320 976 368 976 0 1000
d 368 1056 368 976 2 default
r 192 960 112 960 0 68000
w 192 960 224 960 0
207 -2048 1840 -2128 1840 4 Cutoff\sLED
207 -944 960 -944 912 4 Cutoff\sLED
g 256 656 256 672 0 0
w 224 656 256 656 0
w 256 608 224 608 0
d 256 656 256 608 2 default
d 224 608 224 656 2 default
r 160 608 224 608 0 1000
207 256 608 256 544 4 Inst\sIn
207 -1120 1152 -1168 1152 4 Inst\sOut
207 1312 1488 1360 1488 4 Inst\sOut
207 -144 528 -192 528 4 Res\sOut
207 -480 1456 -416 1456 4 Res\sOut
207 -1024 1520 -1056 1520 4 Res\sIn
207 352 608 352 560 4 Res\sIn
r -784 640 -720 640 0 100000
r -656 640 -656 720 0 1000
g -656 720 -656 736 0 0
a -624 624 -560 624 8 15 -15 1000000 0.030027582526561056 0.03002788280238632 100000
w -560 624 -560 576 0
w -560 576 -624 576 0
w -624 576 -624 608 0
w -656 640 -624 640 0
w -656 400 -624 400 0
w -624 336 -624 368 0
w -560 384 -560 336 0
a -624 384 -560 384 8 15 -15 1000000 1.5227396239988374e-9 0 100000
g -768 400 -768 416 0 0
g -656 400 -656 416 0 0
w -432 432 -560 432 0
w -1232 1696 -1104 1696 0
w -1232 1648 -1232 1696 0
r -1232 1648 -1232 1568 0 1000
r -1280 1648 -1232 1648 0 10000
g -1232 1568 -1232 1552 0 0
207 -1280 1648 -1280 1568 4 8vref
207 -1360 1744 -1360 1664 4 8vref
174 -1312 1872 -1264 1744 1 10000 0.005 Resonance
r -1024 1696 -1104 1696 0 100000
r -1264 1808 -1264 1744 0 1000
r -1264 1808 -1264 1856 0 1000
r -1264 1744 -1200 1744 0 100000
r -1200 1744 -1104 1744 0 100000
w -1264 1744 -1312 1744 0
w -1264 1872 -1312 1872 0
g -1312 1872 -1312 1888 0 0
a -1200 1792 -1104 1792 8 15 -15 1000000 0.05783207071375426 0.05782161550745162 100000
w -1200 1808 -1264 1808 0
w -1200 1776 -1200 1744 0
w -1104 1744 -1104 1792 0
O -1104 1792 -1056 1792 1 0
r -1360 1744 -1312 1744 0 5600
w -1264 1872 -1264 1856 0
w -624 1360 -624 1392 0
w -528 1360 -528 1392 0
c -624 1360 -528 1360 0 6.8e-11 4.6529386997726485 0.001
w 160 528 160 560 0
w 96 528 96 560 0
c 96 528 160 528 0 1e-10 -0.03592910919961169 0.001
w 32 624 -16 624 0
w 96 624 32 624 0
g 48 560 32 560 0 0
w 160 560 160 608 0
w 96 592 96 560 0
r 96 560 48 560 0 3900
r 96 560 160 560 0 68000
a 96 608 160 608 8 15 -15 1000000 0.0019624747439077462 0.0019628536597471814 100000
w -1872 1696 -2048 1696 0
w -2048 1840 -1936 1840 0
w -2048 1840 -2048 1696 0
g -1936 1632 -1952 1632 0 0
w -1872 1632 -1872 1664 0
a -1872 1680 -1792 1680 8 15 -15 1000000 -7.95851947352038 -7.9586166813212875 100000
r -1936 1632 -1872 1632 0 1000
370 -1872 1632 -1792 1632 1 0 0
162 -1792 1632 -1792 1680 2 default-led 1 0 0 0.01
w -1872 1776 -1872 1808 0
a -1872 1824 -1792 1824 8 15 -15 1000000 -1.864000000001803e-8 -0.5355578030002077 100000
370 -1792 1776 -1872 1776 1 0 0
162 -1792 1824 -1792 1776 2 default-led 1 0 0 0.01
r -1936 1776 -1872 1776 0 100
R -1936 1872 -1968 1872 0 0 40 8 0 0 0.5
r -1936 1840 -1888 1840 0 220000.00000000003
r -1936 1872 -1888 1872 0 330000
w -1888 1872 -1888 1840 0
w -1888 1840 -1872 1840 0
g -2000 1776 -2016 1776 0 0
174 -816 672 -784 624 1 10000 0.9950000000000001 HP Vol
174 -768 368 -736 304 1 10000 0.005 LP Vol
w -528 1456 -480 1456 0
r -880 1632 -880 1568 0 10000
r -912 1440 -912 1376 0 20000
t -960 1520 -912 1520 0 1 -5.202138437299794 -0.32204209865932276 290 default
r -1024 1520 -960 1520 0 3900
r -960 1520 -960 1584 0 100
g -960 1584 -960 1600 0 0
a -1024 1760 -928 1760 8 12 -12 1000000 -0.000003227356888457463 0 100000
w -880 1696 -880 1632 0
g -1024 1776 -1024 1808 0 0
w -1024 1744 -1024 1696 0
r -1024 1696 -928 1696 0 100000
w -928 1696 -928 1760 0
w -912 1536 -912 1568 0
w -912 1568 -880 1568 0
w -880 1568 -848 1568 0
w -848 1568 -848 1536 0
r -848 1376 -848 1440 0 20000
t -800 1520 -848 1520 0 1 -5.202831454283491 -0.3227351156452913 290 default
w -848 1440 -848 1472 0
w -848 1472 -848 1504 0
w -912 1440 -688 1440 0
w -848 1472 -688 1472 0
r -688 1440 -624 1440 0 3900
r -688 1472 -624 1472 0 3900
a -624 1456 -528 1456 8 12 -12 1000000 4.6529386994234025 4.652938699423399 100000
r -624 1472 -624 1536 0 33000
g -624 1536 -624 1552 0 0
w -624 1440 -624 1392 0
r -624 1392 -528 1392 0 33000
w -528 1392 -528 1456 0
r -800 1520 -800 1584 0 100
g -800 1584 -800 1600 0 0
w -1024 1696 -1024 1648 0
O -960 1520 -960 1456 1 0
370 -912 1440 -912 1504 1 0 0
w -880 1376 -912 1376 0
w -880 1376 -848 1376 0
r -928 1696 -880 1696 0 1000
d -880 1760 -880 1696 2 1N5712
c -1024 1648 -928 1648 0 3.3e-10 -0.3227389162026348 0.001
w -928 1648 -928 1696 0
207 -880 1376 -880 1328 4 8vref
207 -880 1760 -816 1760 4 -8vref
172 -1136 1648 -1184 1648 0 7 0 5 -5 0 0.5 Resonance CV
O -688 1440 -688 1408 1 0
r -1024 1744 -1104 1744 0 100000
O -624 1472 -656 1520 1 0
w -1056 912 -1056 960 0
O -512 1040 -512 1088 1 0
R -816 368 -848 368 0 1 10000 5 0 0 0.5
r -512 1040 -448 1040 0 33000
r -576 1040 -512 1040 0 20000
172 -1376 1072 -1408 1072 0 7 0 12 0 0 0.5 CV1
r -1232 944 -1296 944 0 3900
d -608 944 -560 944 2 1N4148
w -624 944 -608 944 0
w -624 880 -624 944 0
w -720 928 -720 880 0
a -720 944 -624 944 8 12 -12 1000000 -1.82680832598067 -1.8268265940639297 100000
w -1216 912 -1120 912 0
g -448 1040 -448 1072 0 0
w -512 384 -432 384 0
w -512 944 -512 384 0
w -512 944 -432 944 0
w -224 928 -224 864 0
w -80 560 -112 560 0
w -80 816 -144 816 0
w -80 688 -112 688 0
a -336 448 -224 448 8 12 -12 1000000 -0.00003419870751589226 0 100000
g -336 464 -336 512 0 0
w -336 432 -336 384 0
r -336 384 -224 384 0 20000
a -336 928 -224 928 8 12 -12 1000000 -1.1413437178976673 -1.1413665435140585 100000
r -336 944 -336 1008 0 20000
r -432 944 -336 944 0 20000
r -224 864 -336 864 0 20000
w -336 864 -336 912 0
g -336 1008 -336 1024 0 0
r -432 432 -336 432 0 20000
r -432 912 -336 912 0 20000
r -432 384 -336 384 0 20000
w -16 384 -176 384 0
d -16 816 -16 864 2 1N4148
d -16 752 -16 816 2 1N4148
d -16 624 -16 688 2 1N4148
d -16 560 -16 624 2 1N4148
d -16 432 -16 496 2 1N4148
d -16 384 -16 432 2 1N4148
c -16 432 -80 432 0 1e-9 1.7127601006442574 0.001
c -16 816 -80 816 0 1e-9 -1.7112319902673532 0.001
c -16 688 -80 688 0 1e-9 -0.5988656135926453 0.001
c -16 624 -80 624 0 1e-9 -0.028064728866813875 0.001
c -16 560 -80 560 0 1e-9 0.5424689082029029 0.001
w -224 384 -176 384 0
w -224 864 -16 864 0
w -144 432 -80 432 0
w -80 624 -112 624 0
w -512 944 -512 1040 0
w -560 944 -512 944 0
w -144 432 -144 528 0
w -144 528 -144 688 0
d -16 496 -16 560 2 1N4148
d -16 688 -16 752 2 1N4148
c -16 496 -80 496 0 1e-9 1.1127344878486787 0.001
c -16 752 -80 752 0 1e-9 -1.169931666594491 0.001
w -112 560 -112 624 0
w -112 624 -112 688 0
w -112 688 -112 752 0
w -112 752 -80 752 0
w -80 496 -112 496 0
w -112 496 -112 560 0
w -144 688 -144 816 0
w -720 880 -624 880 0
r -720 960 -720 1024 0 100000
d -832 960 -832 1072 2 default
r -832 1072 -768 1072 0 5600
r -832 1072 -896 1072 0 1000
g -896 1072 -896 1104 0 0
g -720 1024 -720 1040 0 0
r -944 960 -880 960 0 5600
w -880 960 -832 960 0
a -1024 1056 -944 1056 8 15 -15 1000000 0.00007958616681321288 0 100000
r -1024 1008 -944 1008 0 68000
w -944 1008 -944 1056 0
w -1024 1008 -1024 1040 0
g -1024 1072 -1024 1104 0 0
r -1056 912 -1120 912 0 68000
r -1056 1008 -1120 1008 0 33000
r -1056 1152 -1120 1152 0 10000
w -1056 1152 -1056 1008 0
w -1056 1008 -1024 1008 0
w -1056 960 -1056 1008 0
a -1296 1088 -1216 1088 8 15 -15 1000000 0 0 100000
r -1296 1040 -1216 1040 0 100000
w -1216 1040 -1216 1088 0
w -1296 1040 -1296 1072 0
r -1376 1072 -1296 1072 0 100000
w -1216 976 -1296 976 0
174 -1216 1040 -1184 976 1 10000 0.9752000000000001 CV1 Attenuversion
w -1296 976 -1376 976 0
w -1376 976 -1376 1072 0
g -1296 1104 -1312 1104 0 0
w -1184 1008 -1152 1008 0
w -1152 1008 -1120 1008 0
w -560 624 -112 624 0
w -432 912 -432 432 0
c -1056 960 -944 960 0 1e-10 7.958696267488101 0.001
w -944 960 -944 1008 0
r -1232 880 -1200 880 0 39000
w -1200 880 -1216 912 0
207 -1232 880 -1280 880 4 8vref
207 -1296 944 -1344 944 4 -8vref
207 -1728 1200 -1680 1200 4 8vref
207 -1728 1392 -1680 1392 4 -8vref
370 -1728 1392 -1792 1392 1 0 0
370 -1792 1200 -1728 1200 1 0 0
O -832 1072 -832 1120 1 0
207 -768 1072 -768 1104 4 8vref
207 -576 1040 -576 1088 4 -8vref
174 -1232 944 -1216 896 1 10000 0.9950000000000001 Frequency
w -688 336 -736 336 0
w -816 368 -816 304 0
207 -160 1568 -208 1568 4 Inst\sIn
w -768 400 -768 368 0
r -736 336 -736 400 0 5600
w -736 400 -768 400 0
w -784 704 -816 704 0
r -784 640 -784 704 0 5600
w -816 704 -816 672 0
g -816 704 -816 720 0 0
O 224 608 224 544 1 0
c -336 816 -224 816 0 1e-10 1.141217921226432 0.001
w -224 816 -224 864 0
w -336 816 -336 864 0
w -336 336 -336 384 0
w -224 336 -224 384 0
c -336 336 -224 336 0 1e-10 -2.282790503695821 0.001
c 224 864 320 864 0 3.3e-10 4.999950000999985 0.001
w 320 864 320 912 0
w 224 864 224 912 0
c 752 432 848 432 0 1e-11 3.217742136918663 0.001
w 848 432 848 480 0
w 752 432 752 480 0
a -1872 1200 -1792 1200 8 15 -15 1000000 2.5071232833102575 2.507203511255324 100000
a -1872 1392 -1792 1392 8 15 -15 1000000 0.00007993647403408331 0 100000
r -1872 1152 -1792 1152 0 220000
r -1872 1152 -1936 1152 0 100000
r -1872 1344 -1872 1280 0 68000
w -1792 1344 -1792 1392 0
w -1872 1344 -1872 1376 0
w -1872 1184 -1872 1152 0
w -1792 1200 -1792 1152 0
410 -2032 1248 -2032 1344 1 ~TL431 0\s40 2\s1e-12\s0.7338638388782619\s0 2\s2e-12\s-0.000059993663700019795\s0 0\s1\s-0.000059993663700019795\s0.7338638388782619\s140\s~tl431ed-qn_ed 0\s3280 0\s2400 0\s7200 0\s33.333333333333336 2\s1.2e-12\s0.7212094127901235\s0 2\s2.4e-12\s-0.00003678131330764334\s0 0\s1\s-0.00003678131330764334\s0.7212094127901235\s140\s~tl431ed-qn_ed-A1.2 0\s18.18181818181818 2\s2.2000000000000003e-12\s0.6783379128741384\s0 2\s4.400000000000001e-12\s0.016730648422474625\s0 0\s1\s0.016730648422474625\s0.6783379128741384\s140\s~tl431ed-qn_ed-A2.2 0\s800 0\s40 2\s1e-12\s0.7043417025370984\s0 2\s2e-12\s0.021721117621623653\s0 0\s1\s0.021721117621623653\s0.7043417025370984\s140\s~tl431ed-qn_ed 0\s4000 0\s40 2\s1e-12\s0.7044892646630816\s0 2\s2e-12\s-0.09811945829652347\s0 0\s1\s-0.09811945829652347\s0.7044892646630816\s140\s~tl431ed-qn_ed 0\s80 2\s5e-13\s0.7207582337291856\s0 2\s1e-12\s-0.8141757281036124\s0 0\s1\s-0.8141757281036124\s0.7207582337291856\s140\s~tl431ed-qn_ed-A0.5 0\s80 2\s1e-12\s-0.7035644237154599\s0 2\s3e-12\s0.00008676812904151454\s0 0\s-1\s0.00008676812904151454\s-0.7035644237154599\s60\s~tl431ed-qp_ed 0\s80 2\s1e-12\s-0.7035110303084442\s0 2\s3e-12\s0.21669202803691667\s0 0\s-1\s0.21669202803691667\s-0.7035110303084442\s60\s~tl431ed-qp_ed 0\s800 0\s800 0\s40 2\s1e-12\s0.7237536626103342\s0 2\s2e-12\s-0.9723101326749317\s0 0\s1\s-0.9723101326749317\s0.7237536626103342\s140\s~tl431ed-qn_ed 0\s150 0\s8 2\s5e-12\s0.7892207299252083\s0 2\s1e-11\s-1.7179827813301156\s0 0\s1\s-1.7179827813301156\s0.7892207299252083\s140\s~tl431ed-qn_ed-A5 0\s10000 0\s40 2\s1e-12\s-0.9722695494222477\s0 2\s2e-12\s2.7822188997106423e-13\s0 0\s1\s2.7822188997106423e-13\s-0.9722695494222477\s140\s~tl431ed-qn_ed 2\s~tl431ed-d_ed 0\s1000 2\s~tl431ed-d_ed 2\s1e-11\s0.972269549422526\s0 2\s2e-11\s-0.09810018827505662\s0
R -2128 1216 -2192 1216 0 0 40 12 0 0 0.5
r -2128 1216 -2064 1216 0 1000
c -2064 1280 -2064 1344 0 1.0000000000000001e-7 2.507203511255324 0.001
w -2064 1344 -2000 1344 0
g -2000 1344 -2000 1376 0 0
w -2032 1280 -2064 1280 0
w -2064 1280 -2064 1216 0
w -2064 1216 -2000 1216 0
g -1936 1152 -1952 1152 0 0
w -2000 1216 -1872 1216 0
g -1872 1408 -1888 1408 0 0
O -1792 1152 -1728 1152 1 0
O -1792 1344 -1728 1344 1 0
x -2154 1093 -1945 1096 4 24 Voltage\sReferences
x -2051 1571 -1873 1574 4 24 Frequency\sLEDs
x -1270 831 -1167 834 4 24 Cutoff\sCV
x -1311 1430 -1134 1433 4 24 Resonance\sVCA
x -168 1387 -12 1390 4 24 Instability\sVCA
x -792 229 -628 232 4 24 Low\sPass\sInput
x -797 505 -628 508 4 24 High\sPass\sInput
x -170 320 -58 323 4 24 Filter\sCore
x 572 392 700 395 4 24 Output\sVCA
w -560 384 -560 432 0
c -624 288 -560 288 0 1e-9 0.00015227548513950775 0.001
w -560 288 -560 336 0
w -624 288 -624 336 0
c -720 688 -720 640 0 1e-9 -0.03002788280238632 0.001
g -720 688 -720 704 0 0
c -112 1568 -48 1568 0 2.2e-7 -0.00195699841587502 0.001
r -48 1568 -48 1632 0 100000
g -48 1632 -48 1648 0 0
c 544 1616 592 1616 0 2.2e-7 0.08199619289425886 0.001
w -48 1504 -48 1536 0
w 32 1552 32 1504 0
g 112 1568 96 1568 0 0
w 112 1504 112 1536 0
w 256 1504 192 1504 0
w 256 1552 256 1504 0
d 192 1552 256 1552 2 default
r 112 1504 192 1504 0 1000
r 32 1504 112 1504 0 1000
a 112 1552 192 1552 8 15 -15 1000000 0.05918273521380114 0 100000
a -48 1552 32 1552 8 15 -15 1000000 0.029677084846060776 0.029677678387757696 100000
w 1248 1488 1312 1488 0
g 1248 1536 1248 1568 0 0
g 1248 1440 1248 1408 0 0
d 1248 1440 1248 1488 2 default
d 1248 1488 1248 1536 2 default
r 1184 1488 1248 1488 0 1000
r 416 1824 464 1824 0 5600
207 416 1824 368 1824 4 8vref
r 832 1664 832 1600 0 10000
r 800 1472 800 1408 0 20000
t 752 1552 800 1552 0 1 -7.36497943129568 0.02564034235989103 290 default
r 720 1552 752 1552 0 39000
r 752 1552 752 1616 0 100
g 752 1616 752 1632 0 0
a 560 1872 656 1872 8 12 -12 1000000 2.5700761619981987e-7 0 100000
w 832 1808 832 1664 0
g 560 1888 560 1920 0 0
w 560 1856 560 1808 0
r 560 1808 656 1808 0 100000
w 656 1808 656 1872 0
w 800 1568 800 1600 0
w 800 1600 832 1600 0
w 832 1600 864 1600 0
w 864 1600 864 1568 0
r 864 1408 864 1472 0 20000
t 912 1552 864 1552 0 1 -7.364918499831247 0.025701273822449938 290 default
w 864 1472 864 1504 0
w 864 1504 864 1536 0
w 800 1472 1024 1472 0
w 864 1504 1024 1504 0
r 1024 1472 1088 1472 0 3900
r 1024 1504 1088 1504 0 3900
a 1088 1488 1184 1488 8 12 -12 1000000 7.2366327383969935 7.2366327383969935 100000
r 1088 1504 1088 1568 0 220000.00000000003
g 1088 1568 1088 1584 0 0
w 1088 1472 1088 1424 0
r 1088 1424 1184 1424 0 220000.00000000003
w 1184 1424 1184 1488 0
r 912 1552 912 1616 0 100
g 912 1616 912 1632 0 0
w 560 1808 560 1760 0
r 560 1760 480 1760 0 100000
370 832 1808 704 1808 1 0 0
370 800 1472 800 1536 1 0 0
w 448 1760 480 1760 0
g 464 1888 448 1888 0 0
174 464 1888 480 1840 1 10000 0.005 Instability
w 832 1408 800 1408 0
w 832 1408 864 1408 0
r 656 1808 704 1808 0 1000
d 832 1872 832 1808 2 1N5712
c 560 1760 656 1760 0 3.3e-10 0.025701018627598184 0.001
w 656 1760 656 1808 0
207 832 1408 832 1360 4 8vref
207 832 1872 784 1872 4 -8vref
O 1024 1472 1024 1440 1 0
r 560 1856 480 1856 0 100000
O 1088 1504 1056 1552 1 0
O 752 1552 752 1488 1 0
O 1312 1488 1312 1424 1 0
O 688 1552 688 1488 1 0
O 656 1872 720 1872 1 0
O 464 1824 464 1792 1 0
c 1088 1392 1184 1392 0 6.8e-11 7.2366327383969935 0.001
w 1184 1392 1184 1424 0
w 1088 1392 1088 1424 0
R 64 976 64 1024 0 0 2500 5 0 0 0.5
S 112 960 64 960 0 0 false 0 2
r -1136 1648 -1072 1648 0 100000
r -1072 1648 -1024 1648 0 220000
r -832 960 -768 960 0 330000
w -768 960 -720 960 0
r -224 448 -224 416 0 1000
r -224 416 -224 384 0 1000
r 480 1616 544 1616 0 10000
c 544 1616 544 1680 0 1e-9 0.05817199177768232 0.001
g 544 1680 544 1696 0 0
S 480 1488 416 1488 0 0 false 0 2
w 480 1488 480 1536 0
w -160 1568 -160 1472 0
w -160 1472 416 1472 0
r 32 1504 -48 1504 0 10000
g -112 1504 -128 1504 0 0
a 304 1552 384 1552 8 15 -15 1000000 0.05901071062837445 0.059011300735480735 100000
w 384 1552 384 1504 0
w 384 1504 304 1504 0
w 304 1504 304 1536 0
w 304 1568 256 1568 0
w 384 1504 416 1504 0
w 720 1552 688 1552 0
S 688 1552 624 1552 0 0 false 0 2
w 624 1536 480 1536 0
w 480 1536 480 1616 0
w 592 1616 624 1616 0
w 624 1616 624 1568 0
w -160 1568 -112 1568 0
r -48 1504 -112 1504 0 10000
r -1888 1904 -1936 1904 0 68000
g -1936 1904 -1952 1904 0 0
w -1888 1872 -1888 1904 0
r -1872 1344 -1792 1344 0 220000.00000000003
r -1872 1280 -1872 1232 0 1000
w -1872 1232 -1872 1216 0
r -2000 1776 -1936 1776 0 100
w 256 1552 256 1568 0
o 8 1 0 4098 20 0.1 0 3 8 3 42 0
o 361 1 0 12290 0.0002471172880053553 0.0001 1 2 361 3
o 290 1 0 12290 0.04869227776428205 0.0001 2 2 290 3
o 5 1 0 4097 0.15625 0.00009765625 3 2 5 3
o 42 1 0 4098 2.5 0.1 4 1
