$ 1 0.000003125 4.252108200006279 60 5 43 5e-11
O -528 1456 -528 1504 1 0
O -736 336 -736 288 1 0
r 64 944 16 944 0 56000
O 64 944 64 880 1 0
207 16 944 -32 944 4 8vref
r -624 336 -688 336 0 100000
r -560 336 -624 336 0 1000
w -816 304 -768 304 0
w -720 640 -656 640 0
w -816 608 -816 368 0
w 352 608 256 608 0
207 368 1056 320 1056 4 -8vref
207 496 464 496 416 4 8vref
r 496 720 496 656 0 10000
r 464 528 464 464 0 20000
t 416 608 464 608 0 1 -3.641694817840864 0.5570997492541797 300 default
r 352 608 416 608 0 6800
r 416 608 416 672 0 100
g 416 672 416 688 0 0
a 224 976 320 976 8 12 -12 1000000 0.00005142728371477212 0 100000
w 496 976 496 720 0
g 224 992 224 1024 0 0
w 224 960 224 912 0
r 224 912 320 912 0 100000
w 320 912 320 976 0
w 464 624 464 656 0
w 464 656 496 656 0
w 496 656 528 656 0
w 528 656 528 624 0
r 528 464 528 528 0 20000
t 576 608 528 608 0 1 -3.8872044415433322 0.5525927144548978 300 default
w 528 528 528 560 0
w 528 560 528 592 0
w 464 528 688 528 0
w 528 560 688 560 0
r 688 528 752 528 0 10000
r 688 560 752 560 0 10000
a 752 544 848 544 8 12 -12 1000000 3.7180820043421456 3.718135011019822 100000
r 752 560 752 624 0 220000.00000000003
g 752 624 752 640 0 0
w 752 528 752 480 0
r 752 480 848 480 0 220000.00000000003
w 848 480 848 544 0
O 912 544 992 544 1 0
r 576 608 576 672 0 100
g 576 672 576 688 0 0
r 912 544 848 544 0 1000
O 416 608 416 544 1 0
370 496 976 368 976 1 0 0
370 464 528 464 592 1 0 0
O 464 592 496 624 1 0
w 496 464 464 464 0
w 496 464 528 464 0
r 320 976 368 976 0 1000
d 368 1056 368 976 2 default
r 192 960 112 960 0 100000
w 192 960 224 960 0
207 -2048 1840 -2128 1840 4 Cutoff\sLED
207 -912 960 -912 912 4 Cutoff\sLED
g 256 656 256 672 0 0
w 224 656 256 656 0
w 256 608 224 608 0
d 256 656 256 608 2 default
d 224 608 224 656 2 default
r 160 608 224 608 0 1000
207 256 608 256 544 4 Inst\sIn
207 -1088 1152 -1136 1152 4 Inst\sOut
207 944 1600 992 1600 4 Inst\sOut
207 -144 528 -192 528 4 Res\sOut
207 -480 1456 -416 1456 4 Res\sOut
207 -1024 1520 -1056 1520 4 Res\sIn
207 352 608 352 560 4 Res\sIn
r -784 640 -720 640 0 100000
r -656 640 -656 720 0 1000
g -656 720 -656 736 0 0
a -624 624 -560 624 8 15 -15 1000000 0.0002452229436272824 0.00024522539585671867 100000
w -560 624 -560 576 0
w -560 576 -624 576 0
w -624 576 -624 608 0
w -656 640 -624 640 0
w -656 400 -624 400 0
w -624 336 -624 368 0
w -560 384 -560 336 0
a -624 384 -560 384 8 15 -15 1000000 2.756409756280991e-7 0 100000
g -768 400 -768 416 0 0
g -656 400 -656 416 0 0
w -432 432 -560 432 0
w -1232 1696 -1104 1696 0
w -1232 1648 -1232 1696 0
r -1232 1648 -1232 1568 0 470
r -1280 1648 -1232 1648 0 6800
g -1232 1568 -1232 1552 0 0
207 -1280 1648 -1280 1568 4 8vref
207 -1360 1744 -1360 1664 4 8vref
174 -1312 1872 -1264 1744 1 10000 0.005 Resonance
r -1024 1696 -1104 1696 0 150000
r -1264 1808 -1264 1744 0 1000
r -1264 1808 -1264 1856 0 1500
r -1264 1744 -1200 1744 0 100000
r -1200 1744 -1104 1744 0 100000
w -1264 1744 -1312 1744 0
w -1264 1904 -1312 1904 0
g -1312 1904 -1312 1920 0 0
a -1200 1792 -1104 1792 8 15 -15 1000000 1.0256193756271355 1.0256183812077113 100000
w -1200 1808 -1264 1808 0
w -1200 1776 -1200 1744 0
w -1104 1744 -1104 1792 0
O -1104 1792 -1056 1792 1 0
r -1360 1744 -1312 1744 0 4700
w -1264 1904 -1264 1856 0
r -1312 1872 -1312 1904 0 1800
w -624 1360 -624 1392 0
w -528 1360 -528 1392 0
c -624 1360 -528 1360 0 6.8e-11 4.255652355408156 0.001
w 160 528 160 560 0
w 96 528 96 560 0
c 96 528 160 528 0 1.5e-10 -0.49560190079926864 0.001
w 32 624 -16 624 0
w 96 624 32 624 0
g 48 560 32 560 0 0
w 160 560 160 608 0
w 96 592 96 560 0
r 96 560 48 560 0 1000
r 96 560 160 560 0 18000
a 96 608 160 608 8 15 -15 1000000 0.027534227755783368 0.02753945911706892 100000
w -1872 1696 -2048 1696 0
w -2048 1840 -1936 1840 0
w -2048 1840 -2048 1696 0
g -1936 1632 -1952 1632 0 0
w -1872 1632 -1872 1664 0
a -1872 1680 -1792 1680 8 15 -15 1000000 -3.977154497740463 -3.977211499087358 100000
r -1936 1632 -1872 1632 0 750
370 -1872 1632 -1792 1632 1 0 0
162 -1792 1632 -1792 1680 2 default-led 1 0 0 0.01
w -1872 1776 -1872 1808 0
a -1872 1824 -1792 1824 8 15 -15 1000000 1.2068642721303875 1.2068930500112285 100000
370 -1872 1776 -1792 1776 1 0 0
162 -1792 1824 -1792 1776 2 default-led 1 0 0 0.01
r -1936 1776 -1872 1776 0 390
R -1936 1920 -1968 1920 0 0 40 8 0 0 0.5
r -1936 1840 -1888 1840 0 100000
r -1936 1872 -1888 1872 0 100000
w -1888 1872 -1888 1840 0
w -1888 1840 -1872 1840 0
g -1936 1776 -1952 1776 0 0
r -1936 1872 -1984 1872 0 22000
g -1984 1872 -2000 1872 0 0
r -1936 1872 -1936 1920 0 4700
174 -816 672 -784 624 1 10000 0.005 HP Vol
O -432 432 -432 384 1 0
174 -768 368 -736 304 1 10000 0.7475 LP Vol
w -528 1456 -480 1456 0
r -880 1632 -880 1568 0 10000
r -912 1440 -912 1376 0 20000
t -960 1520 -912 1520 0 1 -4.861212770304614 0.27099481598785 290 default
r -1024 1520 -960 1520 0 3300
r -960 1520 -960 1584 0 100
g -960 1584 -960 1600 0 0
a -1024 1760 -928 1760 8 12 -12 1000000 0.000002618920582885913 0 100000
w -880 1696 -880 1632 0
g -1024 1776 -1024 1808 0 0
w -1024 1744 -1024 1696 0
r -1024 1696 -928 1696 0 100000
w -928 1696 -928 1760 0
w -912 1536 -912 1568 0
w -912 1568 -880 1568 0
w -880 1568 -848 1568 0
w -848 1568 -848 1536 0
r -848 1376 -848 1440 0 20000
t -800 1520 -848 1520 0 1 -4.870385092731499 0.26182595168630673 290 default
w -848 1440 -848 1472 0
w -848 1472 -848 1504 0
w -912 1440 -688 1440 0
w -848 1472 -688 1472 0
r -688 1440 -624 1440 0 3900
r -688 1472 -624 1472 0 3900
a -624 1456 -528 1456 8 12 -12 1000000 4.255676294065406 4.255676294304792 100000
r -624 1472 -624 1536 0 27000
g -624 1536 -624 1552 0 0
w -624 1440 -624 1392 0
r -624 1392 -528 1392 0 27000
w -528 1392 -528 1456 0
r -800 1520 -800 1584 0 100
g -800 1584 -800 1600 0 0
w -1024 1696 -1024 1648 0
r -1024 1648 -1104 1648 0 330000
O -960 1520 -960 1456 1 0
370 -912 1440 -912 1504 1 0 0
w -1136 1648 -1104 1648 0
w -880 1376 -912 1376 0
w -880 1376 -848 1376 0
r -928 1696 -880 1696 0 1000
d -880 1760 -880 1696 2 1N5712
c -1024 1648 -928 1648 0 3.3e-10 0.2618946772091742 0.001
w -928 1648 -928 1696 0
207 -880 1376 -880 1328 4 8vref
207 -880 1760 -928 1760 4 -8vref
172 -1136 1648 -1184 1648 0 7 0 5 -5 0 0.5 Resonance CV
O -688 1440 -688 1408 1 0
r -1024 1744 -1104 1744 0 120000
O -880 1696 -800 1696 1 0
O -880 1632 -800 1632 1 0
O -624 1472 -656 1520 1 0
w -1024 912 -1024 960 0
O -512 1040 -512 1088 1 0
O -800 960 -784 880 1 0
R -816 368 -848 368 0 2 1000 5 0 0 0.5
r -512 1040 -448 1040 0 47000
r -576 1040 -512 1040 0 33000
172 -1344 1072 -1376 1072 0 7 5.04 12 0 0 0.5 CV1
r -1200 944 -1264 944 0 3900
d -608 944 -560 944 2 1N4148
w -624 944 -608 944 0
w -624 880 -624 944 0
w -720 928 -720 880 0
a -720 944 -624 944 8 12 -12 1000000 -0.923608004567834 -0.9236172406478796 100000
w -1184 912 -1088 912 0
g -448 1040 -448 1072 0 0
w -512 384 -432 384 0
w -512 944 -512 384 0
w -512 944 -432 944 0
w -224 928 -224 864 0
r -224 448 -224 384 0 2000
w -80 560 -112 560 0
w -80 816 -144 816 0
w -80 688 -112 688 0
a -336 448 -224 448 8 12 -12 1000000 -0.000015479809031457694 0 100000
g -336 464 -336 512 0 0
w -336 432 -336 384 0
r -336 384 -224 384 0 33000
a -336 928 -224 928 8 12 -12 1000000 -0.7104656846842721 -0.710479618356991 100000
r -336 944 -336 1008 0 33000
r -432 944 -336 944 0 33000
r -224 864 -336 864 0 33000
w -336 864 -336 912 0
g -336 1008 -336 1024 0 0
r -432 432 -336 432 0 33000
r -432 912 -336 912 0 33000
r -432 384 -336 384 0 33000
w -16 384 -176 384 0
d -16 816 -16 864 2 1N4148
d -16 752 -16 816 2 1N4148
d -16 624 -16 688 2 1N4148
d -16 560 -16 624 2 1N4148
d -16 432 -16 496 2 1N4148
d -16 384 -16 432 2 1N4148
c -16 432 -80 432 0 1e-9 1.0932165619467051 0.001
c -16 816 -80 816 0 1e-9 -1.0381665640990827 0.001
c -16 688 -80 688 0 1e-9 -0.327935116308099 0.001
c -16 624 -80 624 0 1e-9 0.027294236173441636 0.001
c -16 560 -80 560 0 1e-9 0.38252592621992976 0.001
w -224 384 -176 384 0
w -224 864 -16 864 0
w -144 432 -80 432 0
w -80 624 -112 624 0
w -512 944 -512 1040 0
w -560 944 -512 944 0
w -144 432 -144 528 0
w -144 528 -144 688 0
d -16 496 -16 560 2 1N4148
d -16 688 -16 752 2 1N4148
c -16 496 -80 496 0 1e-9 0.7377597756532058 0.001
c -16 752 -80 752 0 1e-9 -0.6831623089645046 0.001
w -112 560 -112 624 0
w -112 624 -112 688 0
w -112 688 -112 752 0
w -112 752 -80 752 0
w -80 496 -112 496 0
w -112 496 -112 560 0
w -144 688 -144 816 0
w -720 880 -624 880 0
r -720 960 -720 1024 0 110000
r -720 960 -800 960 0 330000
d -800 960 -800 1072 2 default
r -800 1072 -736 1072 0 10000
r -800 1072 -864 1072 0 3900
g -864 1072 -864 1104 0 0
g -720 1024 -720 1040 0 0
r -912 960 -848 960 0 33000
w -848 960 -800 960 0
a -992 1056 -912 1056 8 15 -15 1000000 0.000039772114990873585 0 100000
r -992 1008 -912 1008 0 68000
w -912 1008 -912 1056 0
w -992 1008 -992 1040 0
g -992 1072 -992 1104 0 0
r -1024 912 -1088 912 0 68000
r -1024 1008 -1088 1008 0 33000
r -1024 1152 -1088 1152 0 12000
w -1024 1152 -1024 1008 0
w -1024 1008 -992 1008 0
w -1024 960 -1024 1008 0
a -1264 1088 -1184 1088 8 15 -15 1000000 0.0000503989920201596 0 100000
r -1264 1040 -1184 1040 0 100000
w -1184 1040 -1184 1088 0
w -1264 1040 -1264 1072 0
r -1344 1072 -1264 1072 0 100000
w -1184 976 -1264 976 0
174 -1184 1040 -1152 976 1 10000 0.5 CV1 Attenuversion
w -1264 976 -1344 976 0
w -1344 976 -1344 1072 0
g -1264 1104 -1280 1104 0 0
w -1152 1008 -1120 1008 0
w -1120 1008 -1088 1008 0
w -560 624 -112 624 0
w -432 912 -432 432 0
c -1024 960 -912 960 0 1e-10 3.977251271202349 0.001
w -912 960 -912 1008 0
r -1200 880 -1168 880 0 39000
w -1168 880 -1184 912 0
207 -1200 880 -1248 880 4 8vref
207 -1264 944 -1312 944 4 -8vref
207 -1728 1200 -1680 1200 4 8vref
207 -1728 1344 -1680 1344 4 -8vref
370 -1728 1344 -1792 1344 1 0 0
370 -1792 1200 -1728 1200 1 0 0
O -800 1072 -800 1120 1 0
207 -736 1072 -736 1104 4 8vref
207 -576 1040 -576 1088 4 -8vref
174 -1200 944 -1184 896 1 10000 0.6386000000000001 Frequency
w -688 336 -736 336 0
w -816 368 -816 304 0
207 -144 1680 -192 1680 4 Inst\sIn
w -768 400 -768 368 0
r -736 336 -736 400 0 5600
w -736 400 -768 400 0
w -784 704 -816 704 0
r -784 640 -784 704 0 5600
w -816 704 -816 672 0
g -816 704 -816 720 0 0
O 224 608 224 544 1 0
c -336 816 -224 816 0 2.2e-10 0.6829015871981827 0.001
w -224 816 -224 864 0
w -336 816 -336 864 0
w -336 336 -336 384 0
w -224 336 -224 384 0
c -336 336 -224 336 0 2.2e-10 -1.4484923747898577 0.001
c 224 864 320 864 0 3.3e-10 5.142779798760928 0.001
w 320 864 320 912 0
w 224 864 224 912 0
c 752 432 848 432 0 2.1999999999999998e-11 -1.582585763323428 0.001
w 848 432 848 480 0
w 752 432 752 480 0
a -1872 1200 -1792 1200 8 15 -15 1000000 2.507121222921049 2.507201450800182 100000
a -1872 1344 -1792 1344 8 15 -15 1000000 0.00008001371381242652 0 100000
r -1872 1152 -1792 1152 0 220000
r -1872 1152 -1936 1152 0 100000
r -1872 1296 -1872 1232 0 47000
r -1872 1296 -1792 1296 0 150000
w -1792 1296 -1792 1344 0
w -1872 1296 -1872 1328 0
w -1872 1232 -1872 1216 0
w -1872 1184 -1872 1152 0
w -1792 1200 -1792 1152 0
410 -2032 1248 -2032 1344 1 ~TL431 0\s40 2\s1e-12\s0.7338637923609321\s0 2\s2e-12\s-0.00005999355580410537\s0 0\s1\s-0.00005999355580410537\s0.7338637923609321\s140\s~tl431ed-qn_ed 0\s3280 0\s2400 0\s7200 0\s33.333333333333336 2\s1.2e-12\s0.7212093595993699\s0 2\s2.4e-12\s-0.00003678123766814867\s0 0\s1\s-0.00003678123766814867\s0.7212093595993699\s140\s~tl431ed-qn_ed-A1.2 0\s18.18181818181818 2\s2.2000000000000003e-12\s0.6783378929160568\s0 2\s4.400000000000001e-12\s0.016731049386147334\s0 0\s1\s0.016731049386147334\s0.6783378929160568\s140\s~tl431ed-qn_ed-A2.2 0\s800 0\s40 2\s1e-12\s0.7043412493872101\s0 2\s2e-12\s0.021719801487292578\s0 0\s1\s0.021719801487292578\s0.7043412493872101\s140\s~tl431ed-qn_ed 0\s4000 0\s40 2\s1e-12\s0.7044888107765782\s0 2\s2e-12\s-0.09812301065595141\s0 0\s1\s-0.09812301065595141\s0.7044888107765782\s140\s~tl431ed-qn_ed 0\s80 2\s5e-13\s0.7207581814489358\s0 2\s1e-12\s-0.8140846256817772\s0 0\s1\s-0.8140846256817772\s0.7207581814489358\s140\s~tl431ed-qn_ed-A0.5 0\s80 2\s1e-12\s-0.7035639713072424\s0 2\s3e-12\s0.00008676661138240505\s0 0\s-1\s0.00008676661138240505\s-0.7035639713072424\s60\s~tl431ed-qp_ed 0\s80 2\s1e-12\s-0.7035105559433454\s0 2\s3e-12\s0.2167824837910577\s0 0\s-1\s0.2167824837910577\s-0.7035105559433454\s60\s~tl431ed-qp_ed 0\s800 0\s800 0\s40 2\s1e-12\s0.7237309688107945\s0 2\s2e-12\s-0.972399191329945\s0 0\s1\s-0.972399191329945\s0.7237309688107945\s140\s~tl431ed-qn_ed 0\s150 0\s8 2\s5e-12\s0.789172006965629\s0 2\s1e-11\s-1.718029443834553\s0 0\s1\s-1.718029443834553\s0.789172006965629\s140\s~tl431ed-qn_ed-A5 0\s10000 0\s40 2\s1e-12\s-0.9723586436691911\s0 2\s2e-12\s2.7777780076121417e-13\s0 0\s1\s2.7777780076121417e-13\s-0.9723586436691911\s140\s~tl431ed-qn_ed 2\s~tl431ed-d_ed 0\s1000 2\s~tl431ed-d_ed 2\s1e-11\s0.9723586436694689\s0 2\s2e-11\s-0.09810374097263708\s0
R -2128 1216 -2192 1216 0 0 40 12 0 0 0.5
r -2128 1216 -2064 1216 0 1000
c -2064 1280 -2064 1344 0 1.0000000000000001e-7 2.507201450800182 0.001
w -2064 1344 -2000 1344 0
g -2000 1344 -2000 1376 0 0
w -2032 1280 -2064 1280 0
w -2064 1280 -2064 1216 0
w -2064 1216 -2000 1216 0
g -1936 1152 -1952 1152 0 0
w -2000 1216 -1872 1216 0
g -1872 1360 -1888 1360 0 0
O -1792 1152 -1792 1104 1 0
O -1792 1296 -1792 1248 1 0
x -2154 1093 -1945 1096 4 24 Voltage\sReferences
x -2051 1571 -1873 1574 4 24 Frequency\sLEDs
x -1238 831 -1135 834 4 24 Cutoff\sCV
x -1311 1430 -1134 1433 4 24 Resonance\sVCA
x -114 1401 42 1404 4 24 Instability\sVCA
x -792 229 -628 232 4 24 Low\sPass\sInput
x -797 505 -628 508 4 24 High\sPass\sInput
x -170 320 -58 323 4 24 Filter\sCore
x 572 392 700 395 4 24 Output\sVCA
w -560 384 -560 432 0
c -624 288 -560 288 0 1e-9 0.02756437320378554 0.001
w -560 288 -560 336 0
w -624 288 -624 336 0
c -720 688 -720 640 0 1e-9 -0.00024522539585671867 0.001
g -720 688 -720 704 0 0
c -144 1680 -80 1680 0 2.2e-7 -0.0392000474895382 0.001
r -80 1680 -80 1744 0 100000
g -80 1744 -80 1760 0 0
c 256 1664 320 1664 0 2.2e-7 0.22258386723497958 0.001
w -80 1616 -80 1648 0
w 0 1616 -80 1616 0
w 0 1664 0 1616 0
g 80 1680 64 1680 0 0
w 80 1616 80 1648 0
w 224 1616 160 1616 0
w 224 1664 224 1616 0
d 160 1664 224 1664 2 default
r 80 1616 160 1616 0 470
r 0 1616 80 1616 0 470
a 80 1664 160 1664 8 15 -15 1000000 0.35026105639453914 0 100000
a -80 1664 0 1664 8 15 -15 1000000 0.3509379360882204 0.35094144546758127 100000
w 880 1600 944 1600 0
g 880 1648 880 1680 0 0
g 880 1552 880 1520 0 0
d 880 1552 880 1600 2 default
d 880 1600 880 1648 2 default
r 816 1600 880 1600 0 1000
r 48 1856 96 1856 0 5600
207 48 1856 0 1856 4 8vref
r 464 1776 464 1712 0 10000
r 432 1584 432 1520 0 20000
t 384 1664 432 1664 0 1 -7.747860666669483 0.02582811772553769 290 default
r 320 1664 352 1664 0 100000
r 352 1664 352 1728 0 100
g 352 1728 352 1744 0 0
a 192 1904 288 1904 8 12 -12 1000000 2.570074049872542e-7 0 100000
w 464 1840 464 1776 0
g 192 1920 192 1952 0 0
w 192 1888 192 1840 0
r 192 1840 288 1840 0 100000
w 288 1840 288 1904 0
w 432 1680 432 1712 0
w 432 1712 464 1712 0
w 464 1712 496 1712 0
w 496 1712 496 1680 0
r 496 1520 496 1584 0 20000
t 544 1664 496 1664 0 1 -7.747987540108641 0.025701244290304966 290 default
w 496 1584 496 1616 0
w 496 1616 496 1648 0
w 432 1584 656 1584 0
w 496 1616 656 1616 0
r 656 1584 720 1584 0 3900
r 656 1616 720 1616 0 3900
a 720 1600 816 1600 8 12 -12 1000000 7.694401530236362 7.694401530236371 100000
r 720 1616 720 1680 0 560000
g 720 1680 720 1696 0 0
w 720 1584 720 1536 0
r 720 1536 816 1536 0 560000
w 816 1536 816 1600 0
r 544 1664 544 1728 0 100
g 544 1728 544 1744 0 0
w 192 1840 192 1792 0
r 192 1792 112 1792 0 100000
370 464 1840 336 1840 1 0 0
370 432 1584 432 1648 1 0 0
w 80 1792 112 1792 0
g 96 1920 80 1920 0 0
174 96 1920 112 1872 1 10000 0.005 Instability
w 464 1520 432 1520 0
w 464 1520 496 1520 0
r 288 1840 336 1840 0 1000
d 464 1904 464 1840 2 1N5712
c 192 1792 288 1792 0 3.3e-10 0.025700997506130408 0.001
w 288 1792 288 1840 0
207 464 1520 464 1472 4 8vref
207 464 1904 416 1904 4 -8vref
O 656 1584 656 1552 1 0
r 192 1888 112 1888 0 100000
O 720 1616 688 1664 1 0
O 384 1664 384 1600 1 0
O 944 1600 944 1536 1 0
O 320 1664 320 1600 1 0
O 288 1904 352 1904 1 0
172 48 1792 0 1792 0 7 0 5 -5 0 0.5 Instability CV
O 96 1856 96 1824 1 0
c 720 1504 816 1504 0 6.8e-11 7.69440152930504 0.001
w 816 1504 816 1536 0
w 720 1504 720 1536 0
w 384 1664 352 1664 0
w 256 1664 224 1664 0
R 64 976 64 1024 0 1 2500 5 0 0 0.5
S 112 960 64 960 0 1 false 0 2
o 206 2 0 4098 10 0.003125 0 3 206 3 43 0
