$ 1 0.0000015 4.252108200006279 60 5 43 5e-11
O -528 1456 -528 1504 1 0
O -736 336 -736 288 1 0
r 32 960 -16 960 0 56000
O 32 960 32 896 1 0
207 -16 960 -64 960 4 8vref
s 112 960 32 960 0 0 false
g 80 1568 80 1584 0 0
c 80 1520 80 1568 0 3.3e-8 0.0008247955616547676 0.001
r 32 1520 80 1520 0 1000
w 688 1456 752 1456 0
r -624 336 -688 336 0 100000
r -560 336 -624 336 0 1000
w -816 304 -768 304 0
w -720 640 -656 640 0
w -816 608 -816 368 0
w 352 608 256 608 0
207 368 1056 320 1056 4 -8vref
207 496 464 496 416 4 8vref
r 496 720 496 656 0 10000
r 464 528 464 464 0 20000
t 416 608 464 608 0 1 -3.5568357589552906 0.5549365343737351 300 default
r 352 608 416 608 0 6800
r 416 608 416 672 0 100
g 416 672 416 688 0 0
a 224 976 320 976 8 12 -12 1000000 0.00005142728371465462 0 100000
w 496 976 496 720 0
g 224 992 224 1024 0 0
w 224 960 224 912 0
r 224 912 320 912 0 100000
w 320 912 320 976 0
w 464 624 464 656 0
w 464 656 496 656 0
w 496 656 528 656 0
w 528 656 528 624 0
r 528 464 528 528 0 20000
t 576 608 528 608 0 1 -3.557429582670873 0.5549256553999766 300 default
w 528 528 528 560 0
w 528 560 528 592 0
w 464 528 688 528 0
w 528 560 688 560 0
r 688 528 752 528 0 10000
r 688 560 752 560 0 10000
a 752 544 848 544 8 12 -12 1000000 3.402692280240969 3.4026924750417527 100000
r 752 560 752 624 0 220000.00000000003
g 752 624 752 640 0 0
w 752 528 752 480 0
r 752 480 848 480 0 220000.00000000003
w 848 480 848 544 0
O 912 544 992 544 1 0
r 576 608 576 672 0 100
g 576 672 576 688 0 0
r 912 544 848 544 0 1000
O 416 608 416 544 1 0
370 496 976 368 976 1 0 0
370 464 528 464 592 1 0 0
O 464 592 496 624 1 0
w 496 464 464 464 0
w 496 464 528 464 0
r 320 976 368 976 0 1000
d 368 1056 368 976 2 default
r 192 960 112 960 0 100000
w 192 960 224 960 0
207 -2048 1840 -2128 1840 4 Cutoff\sLED
207 -912 960 -912 912 4 Cutoff\sLED
g 256 656 256 672 0 0
w 224 656 256 656 0
w 256 608 224 608 0
d 256 656 256 608 2 default
d 224 608 224 656 2 default
r 160 608 224 608 0 1000
207 256 608 256 544 4 Inst\sIn
207 -1088 1152 -1136 1152 4 Inst\sOut
207 752 1456 800 1456 4 Inst\sOut
207 -144 528 -192 528 4 Res\sOut
207 -480 1456 -416 1456 4 Res\sOut
207 -1024 1520 -1056 1520 4 Res\sIn
207 352 608 352 560 4 Res\sIn
r -784 640 -720 640 0 100000
r -656 640 -656 720 0 1000
g -656 720 -656 736 0 0
a -624 624 -560 624 8 15 -15 1000000 0.000032984415230762664 0.000032984745074914974 100000
w -560 624 -560 576 0
w -560 576 -624 576 0
w -624 576 -624 608 0
w -656 640 -624 640 0
w -656 400 -624 400 0
w -624 336 -624 368 0
w -560 384 -560 336 0
a -624 384 -560 384 8 15 -15 1000000 3.377357047618691e-10 0 100000
g -768 400 -768 416 0 0
g -656 400 -656 416 0 0
w -432 432 -560 432 0
w -1232 1696 -1104 1696 0
w -1232 1648 -1232 1696 0
r -1232 1648 -1232 1568 0 470
r -1280 1648 -1232 1648 0 6800
g -1232 1568 -1232 1552 0 0
207 -1280 1648 -1280 1568 4 8vref
207 -1360 1744 -1360 1664 4 8vref
174 -1312 1872 -1264 1744 1 10000 0.005 Resonance
r -1024 1696 -1104 1696 0 150000
r -1264 1808 -1264 1744 0 1000
r -1264 1808 -1264 1856 0 1500
r -1264 1744 -1200 1744 0 100000
r -1200 1744 -1104 1744 0 100000
w -1264 1744 -1312 1744 0
w -1264 1904 -1312 1904 0
g -1312 1904 -1312 1920 0 0
a -1200 1792 -1104 1792 8 15 -15 1000000 1.025619375630856 1.025618381211432 100000
w -1200 1808 -1264 1808 0
w -1200 1776 -1200 1744 0
w -1104 1744 -1104 1792 0
O -1104 1792 -1056 1792 1 0
r -1360 1744 -1312 1744 0 4700
w -1264 1904 -1264 1856 0
r -1312 1872 -1312 1904 0 1800
w -624 1360 -624 1392 0
w -528 1360 -528 1392 0
c -624 1360 -528 1360 0 6.8e-11 4.255676226533718 0.001
w 160 528 160 560 0
w 96 528 96 560 0
c 96 528 160 528 0 1.5e-10 -0.0009629841952350517 0.001
w 32 624 -16 624 0
w 96 624 32 624 0
g 48 560 32 560 0 0
w 160 560 160 608 0
w 96 592 96 560 0
r 96 560 48 560 0 1000
r 96 560 160 560 0 18000
a 96 608 160 608 8 15 -15 1000000 0.000015167795929414788 0.00001517757744932643 100000
g 688 1504 688 1536 0 0
g 688 1408 688 1376 0 0
d 688 1408 688 1456 2 default
d 688 1456 688 1504 2 default
r 624 1456 688 1456 0 1000
w -1872 1696 -2048 1696 0
w -2048 1840 -1936 1840 0
w -2048 1840 -2048 1696 0
g -1936 1632 -1952 1632 0 0
w -1872 1632 -1872 1664 0
a -1872 1680 -1792 1680 8 15 -15 1000000 6.99e-8 2.3063058393715674 100000
r -1936 1632 -1872 1632 0 750
370 -1872 1632 -1792 1632 1 0 0
162 -1792 1632 -1792 1680 2 default-led 1 0 0 0.01
w -1872 1776 -1872 1808 0
a -1872 1824 -1792 1824 8 15 -15 1000000 4.408268890427314 4.408330935612508 100000
370 -1872 1776 -1792 1776 1 0 0
162 -1792 1824 -1792 1776 2 default-led 1 0 0 0.01
r -1936 1776 -1872 1776 0 390
R -1936 1920 -1968 1920 0 0 40 8 0 0 0.5
r -1936 1840 -1888 1840 0 100000
r -1936 1872 -1888 1872 0 100000
w -1888 1872 -1888 1840 0
w -1888 1840 -1872 1840 0
g -1936 1776 -1952 1776 0 0
r -1936 1872 -1984 1872 0 22000
g -1984 1872 -2000 1872 0 0
r -1936 1872 -1936 1920 0 4700
r -144 1712 -96 1712 0 5600
207 -144 1712 -192 1712 4 8vref
174 -816 672 -784 624 1 10000 0.005 HP Vol
O -432 432 -432 384 1 0
174 -768 368 -736 304 1 10000 0.005 LP Vol
r 272 1632 272 1568 0 10000
r 240 1440 240 1376 0 20000
t 192 1520 240 1520 0 1 -6.014572322765404 0.02570919155255912 290 default
r 160 1520 192 1520 0 10000
r 192 1520 192 1584 0 100
g 192 1584 192 1600 0 0
a 0 1760 96 1760 8 12 -12 1000000 2.570048349895182e-7 0 100000
w 272 1696 272 1632 0
g 0 1776 0 1808 0 0
w 0 1744 0 1696 0
r 0 1696 96 1696 0 100000
w 96 1696 96 1760 0
w 240 1536 240 1568 0
w 240 1568 272 1568 0
w 272 1568 304 1568 0
w 304 1568 304 1536 0
r 304 1376 304 1440 0 20000
t 352 1520 304 1520 0 1 -6.014580489052293 0.02570102526592368 290 default
w 304 1440 304 1472 0
w 304 1472 304 1504 0
w 240 1440 464 1440 0
w 304 1472 464 1472 0
r 464 1440 528 1440 0 3900
r 464 1472 528 1472 0 3900
a 528 1456 624 1456 8 12 -12 1000000 5.6229800905059815 5.622980090505983 100000
r 528 1472 528 1536 0 56000
g 528 1536 528 1552 0 0
w 528 1440 528 1392 0
r 528 1392 624 1392 0 56000
w 624 1392 624 1456 0
r 352 1520 352 1584 0 100
g 352 1584 352 1600 0 0
w 0 1696 0 1648 0
r 0 1648 -80 1648 0 100000
370 272 1696 144 1696 1 0 0
370 240 1440 240 1504 1 0 0
w -112 1648 -80 1648 0
g -96 1776 -112 1776 0 0
174 -96 1776 -80 1728 1 10000 0.005 Instability
w 272 1376 240 1376 0
w 272 1376 304 1376 0
r 96 1696 144 1696 0 1000
d 272 1760 272 1696 2 1N5712
c 0 1648 96 1648 0 1e-9 0.025700740503786807 0.001
w 96 1648 96 1696 0
207 272 1376 272 1328 4 8vref
207 272 1760 224 1760 4 -8vref
O 464 1440 464 1408 1 0
r 0 1744 -80 1744 0 100000
O 528 1472 496 1520 1 0
w -528 1456 -480 1456 0
r -880 1632 -880 1568 0 10000
r -912 1440 -912 1376 0 20000
t -960 1520 -912 1520 0 1 -4.870364973883257 0.2618576997317569 290 default
r -1024 1520 -960 1520 0 3300
r -960 1520 -960 1584 0 100
g -960 1584 -960 1600 0 0
a -1024 1760 -928 1760 8 12 -12 1000000 0.0000026189205828814157 0 100000
w -880 1696 -880 1632 0
g -1024 1776 -1024 1808 0 0
w -1024 1744 -1024 1696 0
r -1024 1696 -928 1696 0 100000
w -928 1696 -928 1760 0
w -912 1536 -912 1568 0
w -912 1568 -880 1568 0
w -880 1568 -848 1568 0
w -848 1568 -848 1536 0
r -848 1376 -848 1440 0 20000
t -800 1520 -848 1520 0 1 -4.870385079124436 0.26183760081194635 290 default
w -848 1440 -848 1472 0
w -848 1472 -848 1504 0
w -912 1440 -688 1440 0
w -848 1472 -688 1472 0
r -688 1440 -624 1440 0 3900
r -688 1472 -624 1472 0 3900
a -624 1456 -528 1456 8 12 -12 1000000 4.255676282413073 4.255676282413631 100000
r -624 1472 -624 1536 0 27000
g -624 1536 -624 1552 0 0
w -624 1440 -624 1392 0
r -624 1392 -528 1392 0 27000
w -528 1392 -528 1456 0
r -800 1520 -800 1584 0 100
g -800 1584 -800 1600 0 0
w -1024 1696 -1024 1648 0
r -1024 1648 -1104 1648 0 330000
O -960 1520 -960 1456 1 0
370 -912 1440 -912 1504 1 0 0
w -1136 1648 -1104 1648 0
w -880 1376 -912 1376 0
w -880 1376 -848 1376 0
r -928 1696 -880 1696 0 1000
d -880 1760 -880 1696 2 1N5712
c -1024 1648 -928 1648 0 3.3e-10 0.26189467720872445 0.001
w -928 1648 -928 1696 0
207 -880 1376 -880 1328 4 8vref
207 -880 1760 -928 1760 4 -8vref
172 -1136 1648 -1184 1648 0 7 0 5 -5 0 0.5 Resonance CV
O -688 1440 -688 1408 1 0
r -1024 1744 -1104 1744 0 120000
O -880 1696 -800 1696 1 0
O -880 1632 -800 1632 1 0
O -624 1472 -656 1520 1 0
w -1024 912 -1024 960 0
O -512 1040 -512 1088 1 0
O -800 960 -784 880 1 0
R -816 368 -848 368 0 1 10000 5 0 0 0.5
r -512 1040 -448 1040 0 47000
r -576 1040 -512 1040 0 33000
172 -1344 1072 -1376 1072 0 7 5.04 12 0 0 0.5 CV1
r -1200 944 -1264 944 0 3900
d -608 944 -560 944 2 1N4148
w -624 944 -608 944 0
w -624 880 -624 944 0
w -720 928 -720 880 0
a -720 944 -624 944 8 12 -12 1000000 0.5374725778823792 0.5374779526081581 100000
w -1184 912 -1088 912 0
g -448 1040 -448 1072 0 0
w -512 384 -432 384 0
w -512 944 -512 384 0
w -512 944 -432 944 0
w -224 928 -224 864 0
r -224 448 -224 384 0 2000
w -80 560 -112 560 0
w -80 816 -144 816 0
w -80 688 -112 688 0
a -336 448 -224 448 8 12 -12 1000000 -1.599574495720767e-8 0 100000
g -336 464 -336 512 0 0
w -336 432 -336 384 0
r -336 384 -224 384 0 33000
a -336 928 -224 928 8 12 -12 1000000 -0.0006962098092833746 -0.0006962225467890903 100000
r -336 944 -336 1008 0 33000
r -432 944 -336 944 0 33000
r -224 864 -336 864 0 33000
w -336 864 -336 912 0
g -336 1008 -336 1024 0 0
r -432 432 -336 432 0 33000
r -432 912 -336 912 0 33000
r -432 384 -336 384 0 33000
w -16 384 -176 384 0
d -16 816 -16 864 2 1N4148
d -16 752 -16 816 2 1N4148
d -16 624 -16 688 2 1N4148
d -16 560 -16 624 2 1N4148
d -16 432 -16 496 2 1N4148
d -16 384 -16 432 2 1N4148
c -16 432 -80 432 0 1e-9 -0.009022243760860763 0.001
c -16 816 -80 816 0 1e-9 0.009008057454472121 0.001
c -16 688 -80 688 0 1e-9 0.011943292519419627 0.001
c -16 624 -80 624 0 1e-9 -0.000017806837781436234 0.001
c -16 560 -80 560 0 1e-9 -0.011978180154363256 0.001
w -224 384 -176 384 0
w -224 864 -16 864 0
w -144 432 -80 432 0
w -80 624 -112 624 0
w -512 944 -512 1040 0
w -560 944 -512 944 0
w -144 432 -144 528 0
w -144 528 -144 688 0
d -16 496 -16 560 2 1N4148
d -16 688 -16 752 2 1N4148
c -16 496 -80 496 0 1e-9 -0.014830772895375637 0.001
c -16 752 -80 752 0 1e-9 0.014801736401999003 0.001
w -112 560 -112 624 0
w -112 624 -112 688 0
w -112 688 -112 752 0
w -112 752 -80 752 0
w -80 496 -112 496 0
w -112 496 -112 560 0
w -144 688 -144 816 0
w -720 880 -624 880 0
r -720 960 -720 1024 0 110000
r -720 960 -800 960 0 330000
d -800 960 -800 1072 2 default
r -800 1072 -736 1072 0 10000
r -800 1072 -864 1072 0 3900
g -864 1072 -864 1104 0 0
g -720 1024 -720 1040 0 0
r -912 960 -848 960 0 33000
w -848 960 -800 960 0
a -992 1056 -912 1056 8 15 -15 1000000 -0.000023063058393715674 0 100000
r -992 1008 -912 1008 0 68000
w -912 1008 -912 1056 0
w -992 1008 -992 1040 0
g -992 1072 -992 1104 0 0
r -1024 912 -1088 912 0 68000
r -1024 1008 -1088 1008 0 33000
r -1024 1152 -1088 1152 0 12000
w -1024 1152 -1024 1008 0
w -1024 1008 -992 1008 0
w -1024 960 -1024 1008 0
a -1264 1088 -1184 1088 8 15 -15 1000000 0.00005039899202015962 0 100000
r -1264 1040 -1184 1040 0 100000
w -1184 1040 -1184 1088 0
w -1264 1040 -1264 1072 0
r -1344 1072 -1264 1072 0 100000
w -1184 976 -1264 976 0
174 -1184 1040 -1152 976 1 10000 0.005 CV1 Attenuversion
w -1264 976 -1344 976 0
w -1344 976 -1344 1072 0
g -1264 1104 -1280 1104 0 0
w -1152 1008 -1120 1008 0
w -1120 1008 -1088 1008 0
w -560 624 -112 624 0
w -432 912 -432 432 0
c -1024 960 -912 960 0 1e-10 -2.306328902429961 0.001
w -912 960 -912 1008 0
r -1200 880 -1168 880 0 39000
w -1168 880 -1184 912 0
207 -1200 880 -1248 880 4 8vref
207 -1264 944 -1312 944 4 -8vref
207 -1728 1200 -1680 1200 4 8vref
207 -1728 1344 -1680 1344 4 -8vref
370 -1728 1344 -1792 1344 1 0 0
370 -1792 1200 -1728 1200 1 0 0
O -800 1072 -800 1120 1 0
207 -736 1072 -736 1104 4 8vref
207 -576 1040 -576 1088 4 -8vref
174 -1200 944 -1184 896 1 10000 0.9950000000000001 Frequency
w -688 336 -736 336 0
w -816 368 -816 304 0
O 192 1520 192 1456 1 0
w 160 1520 128 1520 0
O 80 1520 80 1456 1 0
O 128 1520 128 1456 1 0
w 128 1520 80 1520 0
c -16 1520 32 1520 0 2.2e-7 -0.00011365225213935638 0.001
r 32 1520 32 1472 0 100000
g 32 1472 32 1456 0 0
207 -16 1520 -64 1520 4 Inst\sIn
O 96 1760 160 1760 1 0
172 -112 1648 -160 1648 0 7 0 5 -5 0 0.5 Instability CV
O -96 1712 -96 1680 1 0
w -768 400 -768 368 0
r -736 336 -736 400 0 5600
w -736 400 -768 400 0
w -784 704 -816 704 0
r -784 640 -784 704 0 5600
w -816 704 -816 672 0
g -816 704 -816 720 0 0
O 224 608 224 544 1 0
c -336 816 -224 816 0 2.2e-10 0.0005775407622912365 0.001
w -224 816 -224 864 0
w -336 816 -336 864 0
w -336 336 -336 384 0
w -224 336 -224 384 0
c -336 336 -224 336 0 2.2e-10 -0.0015110816104031734 0.001
c 224 864 320 864 0 3.3e-10 5.142779798749176 0.001
w 320 864 320 912 0
w 224 864 224 912 0
c 752 432 848 432 0 2.1999999999999998e-11 3.3832122018817525 0.001
w 848 432 848 480 0
w 752 432 752 480 0
a -1872 1200 -1792 1200 8 15 -15 1000000 2.507121222921604 2.5072014508007374 100000
a -1872 1344 -1792 1344 8 15 -15 1000000 0.00008001371381244478 0 100000
r -1872 1152 -1792 1152 0 220000
r -1872 1152 -1936 1152 0 100000
r -1872 1296 -1872 1232 0 47000
r -1872 1296 -1792 1296 0 150000
w -1792 1296 -1792 1344 0
w -1872 1296 -1872 1328 0
w -1872 1232 -1872 1216 0
w -1872 1184 -1872 1152 0
w -1792 1200 -1792 1152 0
410 -2032 1248 -2032 1344 1 ~TL431 0\s40 2\s1e-12\s0.7338637923609441\s0 2\s2e-12\s-0.00005999355580499355\s0 0\s1\s-0.00005999355580499355\s0.7338637923609441\s140\s~tl431ed-qn_ed 0\s3280 0\s2400 0\s7200 0\s33.333333333333336 2\s1.2e-12\s0.721209359599396\s0 2\s2.4e-12\s-0.00003678123766770458\s0 0\s1\s-0.00003678123766770458\s0.721209359599396\s140\s~tl431ed-qn_ed-A1.2 0\s18.18181818181818 2\s2.2000000000000003e-12\s0.6783378929160667\s0 2\s4.400000000000001e-12\s0.0167310493860523\s0 0\s1\s0.0167310493860523\s0.6783378929160667\s140\s~tl431ed-qn_ed-A2.2 0\s800 0\s40 2\s1e-12\s0.7043412493873278\s0 2\s2e-12\s0.02171980148765007\s0 0\s1\s0.02171980148765007\s0.7043412493873278\s140\s~tl431ed-qn_ed 0\s4000 0\s40 2\s1e-12\s0.7044888107766996\s0 2\s2e-12\s-0.09812301065504536\s0 0\s1\s-0.09812301065504536\s0.7044888107766996\s140\s~tl431ed-qn_ed 0\s80 2\s5e-13\s0.7207581814490279\s0 2\s1e-12\s-0.8140846256821203\s0 0\s1\s-0.8140846256821203\s0.7207581814490279\s140\s~tl431ed-qn_ed-A0.5 0\s80 2\s1e-12\s-0.703563971307366\s0 2\s3e-12\s0.00008676661138284913\s0 0\s-1\s0.00008676661138284913\s-0.703563971307366\s60\s~tl431ed-qp_ed 0\s80 2\s1e-12\s-0.7035105559434691\s0 2\s3e-12\s0.21678248379080833\s0 0\s-1\s0.21678248379080833\s-0.7035105559434691\s60\s~tl431ed-qp_ed 0\s800 0\s800 0\s40 2\s1e-12\s0.7237309688108923\s0 2\s2e-12\s-0.972399191330066\s0 0\s1\s-0.972399191330066\s0.7237309688108923\s140\s~tl431ed-qn_ed 0\s150 0\s8 2\s5e-12\s0.7891720069658802\s0 2\s1e-11\s-1.7180294438348573\s0 0\s1\s-1.7180294438348573\s0.7891720069658802\s140\s~tl431ed-qn_ed-A5 0\s10000 0\s40 2\s1e-12\s-0.972358643669311\s0 2\s2e-12\s2.7822188997106423e-13\s0 0\s1\s2.7822188997106423e-13\s-0.972358643669311\s140\s~tl431ed-qn_ed 2\s~tl431ed-d_ed 0\s1000 2\s~tl431ed-d_ed 2\s1e-11\s0.9723586436695892\s0 2\s2e-11\s-0.09810374097173169\s0
R -2128 1216 -2192 1216 0 0 40 12 0 0 0.5
r -2128 1216 -2064 1216 0 1000
c -2064 1280 -2064 1344 0 1.0000000000000001e-7 2.5072014508007374 0.001
w -2064 1344 -2000 1344 0
g -2000 1344 -2000 1376 0 0
w -2032 1280 -2064 1280 0
w -2064 1280 -2064 1216 0
w -2064 1216 -2000 1216 0
g -1936 1152 -1952 1152 0 0
w -2000 1216 -1872 1216 0
g -1872 1360 -1888 1360 0 0
O -1792 1152 -1792 1104 1 0
O -1792 1296 -1792 1248 1 0
x -2154 1093 -1945 1096 4 24 Voltage\sReferences
x -2051 1571 -1873 1574 4 24 Frequency\sLEDs
x -1238 831 -1135 834 4 24 Cutoff\sCV
x -1311 1430 -1134 1433 4 24 Resonance\sVCA
x -114 1401 42 1404 4 24 Instability\sVCA
x -792 229 -628 232 4 24 Low\sPass\sInput
x -797 505 -628 508 4 24 High\sPass\sInput
x -170 320 -58 323 4 24 Filter\sCore
x 572 392 700 395 4 24 Output\sVCA
c 528 1360 624 1360 0 6.8e-11 5.622980090273151 0.001
w 624 1360 624 1392 0
w 528 1360 528 1392 0
w -560 384 -560 432 0
c -624 288 -560 288 0 3.3e-9 0.00003377390821189167 0.001
w -560 288 -560 336 0
w -624 288 -624 336 0
c -720 688 -720 640 0 3.3e-9 -0.000032984745074914974 0.001
g -720 688 -720 704 0 0
o 48 2 0 4098 10 0.1 0 3 268 0 268 3
o 91 1 0 12290 0.00024248430967946564 0.0001 1 4 91 3 365 0 365 3
o 268 1 0 4098 10 0.0125 2 3 268 3 48 0
